/*--------------------------------*- C++ -*----------------------------------*\
  =========                 |
  \\      /  F ield         | OpenFOAM: The Open Source CFD Toolbox
   \\    /   O peration     | Website:  https://openfoam.org
    \\  /    A nd           | Version:  8
     \\/     M anipulation  |
\*---------------------------------------------------------------------------*/
FoamFile
{
    version     2.0;
    format      ascii;
    class       volScalarField;
    location    "6e-10";
    object      phi;
}
// * * * * * * * * * * * * * * * * * * * * * * * * * * * * * * * * * * * * * //

dimensions      [1 2 -3 0 0 -1 0];

internalField   nonuniform List<scalar> 
8800
(
-0.645962
-1.94082
-3.24448
-4.56294
-5.90232
-7.26895
-8.66944
-10.1107
-11.6001
-13.1454
-14.7549
-16.4373
-18.2022
-20.0597
-22.0204
-24.0959
-26.2983
-28.6405
-31.1361
-33.7994
-0.643034
-1.932
-3.22969
-4.54203
-5.87507
-7.23509
-8.62864
-10.0626
-11.5442
-13.0812
-14.6819
-16.3549
-18.1097
-19.9564
-21.9056
-23.9689
-26.1584
-28.4871
-30.9684
-33.6169
-0.637207
-1.91446
-3.20026
-4.5004
-5.82083
-7.1677
-8.54744
-9.9668
-11.4329
-12.9535
-14.5365
-16.1907
-17.9254
-19.7505
-21.6769
-23.7158
-25.8795
-28.1809
-30.6337
-33.2524
-0.628542
-1.88838
-3.15649
-4.43849
-5.74015
-7.06745
-8.42662
-9.82424
-11.2673
-12.7632
-14.3199
-15.9459
-17.6505
-19.4435
-21.3355
-23.3379
-25.4628
-27.7233
-30.1332
-32.707
-0.617127
-1.85401
-3.09882
-4.35692
-5.63384
-6.93532
-8.26734
-9.63625
-11.0488
-12.5121
-14.034
-15.6227
-17.2873
-19.0375
-20.8837
-22.8374
-24.9106
-27.1164
-29.4688
-31.9824
-0.603082
-1.81173
-3.02785
-4.25653
-5.50298
-6.77263
-8.07118
-9.40464
-10.7794
-12.2025
-13.6812
-15.2236
-16.8385
-18.5353
-20.3245
-22.2173
-24.2257
-26.363
-28.6431
-31.081
-0.586555
-1.76197
-2.94433
-4.13836
-5.34892
-6.58106
-7.84011
-9.1317
-10.4619
-11.8372
-13.2647
-14.752
-16.3077
-17.9409
-19.6618
-21.4815
-23.4121
-25.4667
-27.6595
-30.0059
-0.567722
-1.70527
-2.84915
-4.00367
-5.17327
-6.36258
-7.57648
-8.82017
-10.0992
-11.4197
-12.7883
-14.2121
-15.6993
-17.2588
-18.9003
-20.6348
-22.4744
-24.4322
-26.5225
-28.761
-0.546786
-1.64223
-2.74332
-3.85389
-4.97791
-6.11951
-7.28308
-8.47327
-9.69514
-10.9542
-12.2565
-13.6089
-15.0187
-16.4946
-18.0458
-19.6832
-21.4185
-23.2651
-25.2374
-27.3514
-0.523976
-1.57355
-2.628
-3.69067
-4.76496
-5.85449
-6.96304
-8.09468
-9.25386
-10.4454
-11.6748
-12.9481
-14.2722
-15.6549
-17.1052
-18.6335
-20.2514
-21.9722
-23.8106
-25.783
-0.499547
-1.49999
-2.50449
-3.5158
-4.53679
-5.57044
-6.61989
-7.68857
-8.78018
-9.89885
-11.0492
-12.2365
-13.467
-14.7476
-16.0867
-17.4942
-18.9814
-20.5616
-22.2498
-24.0629
-0.47377
-1.42237
-2.37415
-3.33127
-4.29597
-5.27057
-6.25753
-7.25952
-8.27945
-9.32057
-10.3866
-11.4819
-12.6116
-13.7818
-14.9999
-16.2752
-17.6185
-19.043
-20.5642
-22.1996
-0.446937
-1.34156
-2.23846
-3.13916
-4.04525
-4.95834
-5.88015
-6.81254
-7.75752
-8.71738
-9.69478
-10.6929
-11.7156
-12.7679
-13.856
-14.9881
-16.1743
-17.4277
-18.7643
-20.2027
-0.419349
-1.25849
-2.09897
-2.94168
-3.78751
-4.63738
-5.4922
-6.35296
-7.2207
-8.09664
-8.98222
-9.87926
-10.7902
-11.7183
-12.6683
-13.6467
-14.6629
-15.7293
-16.8625
-18.0831
-0.391315
-1.17408
-1.95725
-2.74107
-3.52575
-4.31146
-5.09832
-5.88638
-6.67569
-7.46627
-8.2582
-9.05173
-9.84749
-10.6468
-11.4521
-12.2678
-13.1012
-13.964
-14.8733
-15.8527
-0.363145
-1.08927
-1.81488
-2.5396
-3.26296
-3.9844
-4.70322
-5.41857
-6.12942
-6.83455
-7.53257
-8.22199
-8.90129
-9.56927
-10.2255
-10.871
-11.5101
-12.1521
-12.8142
-13.524
-0.335139
-1.00497
-1.67341
-2.33949
-3.00209
-3.65995
-4.31159
-4.95525
-5.58886
-6.20993
-6.81556
-7.40235
-7.96641
-8.50354
-9.00947
-9.48074
-9.9162
-10.3201
-10.7074
-11.1105
-0.307586
-0.92204
-1.53431
-2.14286
-2.74597
-3.34174
-3.92794
-4.50199
-5.06083
-5.60076
-6.1174
-6.60543
-7.05848
-7.46899
-7.82816
-8.12626
-8.35381
-8.50485
-8.58479
-8.62657
-0.280749
-0.841294
-1.39894
-1.95165
-2.4972
-3.03308
-3.55644
-4.06396
-4.55169
-5.0149
-5.44784
-5.84348
-6.19309
-6.48579
-6.70793
-6.84233
-6.86792
-6.76066
-6.50032
-6.09585
-0.254866
-0.763443
-1.26852
-1.76762
-2.25808
-2.73693
-3.20078
-3.64571
-4.06708
-4.4593
-4.81559
-5.12755
-5.3846
-5.57317
-5.67542
-5.66723
-5.51487
-5.16954
-4.56
-3.59362
-0.230137
-0.689095
-1.14406
-1.59223
-2.03058
-2.45578
-2.86405
-3.25104
-3.6116
-3.93963
-4.22767
-4.46653
-4.64459
-4.74685
-4.75334
-4.6363
-4.3548
-3.84263
-2.97652
-1.47536
-0.206726
-0.618741
-1.0264
-1.42665
-1.81624
-2.19157
-2.54861
-2.88277
-3.18867
-3.45994
-3.68895
-3.86631
-3.98038
-4.01632
-3.95479
-3.76984
-3.42539
-2.86967
-2.02807
-0.80669
-0.184754
-0.552744
-0.91614
-1.27174
-1.61615
-1.94563
-2.25607
-2.54277
-2.80035
-3.02253
-3.20185
-3.32939
-3.3943
-3.38325
-3.27967
-3.06288
-2.70724
-2.18258
-1.45941
-0.530016
-0.164299
-0.491341
-0.813676
-1.12804
-1.43097
-1.71875
-1.98725
-2.23188
-2.44745
-2.62797
-2.76654
-2.8551
-2.88418
-2.8427
-2.71777
-2.49476
-2.15811
-1.694
-1.09697
-0.383982
-0.145402
-0.434647
-0.719183
-0.995761
-1.26096
-1.51113
-1.7423
-1.95007
-2.12959
-2.27537
-2.38125
-2.44027
-2.44461
-2.38561
-2.25395
-2.04026
-1.73645
-1.33835
-0.850484
-0.292926
-0.128063
-0.382661
-0.632649
-0.874859
-1.10599
-1.32253
-1.52073
-1.69652
-1.84546
-1.96266
-2.04282
-2.08013
-2.06839
-2.00117
-1.87215
-1.6759
-1.40908
-1.07246
-0.673691
-0.230164
-0.112252
-0.335287
-0.553892
-0.765039
-0.965594
-1.15227
-1.32158
-1.46983
-1.59305
-1.68701
-1.74724
-1.76904
-1.74766
-1.67852
-1.55759
-1.38211
-1.15151
-0.868722
-0.541655
-0.184204
-0.097911
-0.292344
-0.482593
-0.665813
-0.839081
-0.999364
-1.1435
-1.26816
-1.3699
-1.4451
-1.49008
-1.50112
-1.47469
-1.40764
-1.29759
-1.14345
-0.94612
-0.709263
-0.440004
-0.149201
-0.0849589
-0.253584
-0.418321
-0.576539
-0.725554
-0.862612
-0.984875
-1.08943
-1.17328
-1.23342
-1.26684
-1.27068
-1.24235
-1.17977
-1.08167
-0.947972
-0.780259
-0.582206
-0.359897
-0.121798
-0.0732992
-0.218714
-0.360569
-0.496469
-0.623985
-0.740653
-0.843965
-0.93139
-1.00039
-1.04845
-1.07319
-1.07241
-1.04426
-0.987424
-0.901344
-0.786511
-0.644738
-0.479406
-0.295581
-0.0998919
-0.0628235
-0.187402
-0.308771
-0.424781
-0.533266
-0.632048
-0.718944
-0.791779
-0.84842
-0.886815
-0.905066
-0.901515
-0.874862
-0.824317
-0.749774
-0.651991
-0.532775
-0.395099
-0.243127
-0.0820806
-0.0534164
-0.1593
-0.262334
-0.360617
-0.452248
-0.53533
-0.607983
-0.668363
-0.714697
-0.745321
-0.758741
-0.753717
-0.729352
-0.68521
-0.621442
-0.538905
-0.439272
-0.325088
-0.199749
-0.0673837
-0.0449586
-0.134046
-0.220647
-0.303106
-0.37978
-0.44904
-0.509293
-0.558995
-0.596686
-0.621029
-0.630861
-0.62526
-0.603619
-0.565731
-0.511879
-0.442915
-0.360321
-0.266232
-0.163399
-0.0550883
-0.0373302
-0.11128
-0.1831
-0.251381
-0.314724
-0.371759
-0.421154
-0.461637
-0.492022
-0.511247
-0.518414
-0.512844
-0.494133
-0.462216
-0.417428
-0.360554
-0.292865
-0.216119
-0.132525
-0.044659
-0.0304122
-0.0906428
-0.149095
-0.204592
-0.255977
-0.302119
-0.341928
-0.374377
-0.398519
-0.413523
-0.418705
-0.413569
-0.397853
-0.371573
-0.335063
-0.289009
-0.234467
-0.172856
-0.105923
-0.0356819
-0.0240882
-0.0717845
-0.118043
-0.161916
-0.202473
-0.23881
-0.270063
-0.295423
-0.314155
-0.325622
-0.329313
-0.324874
-0.312138
-0.29116
-0.262241
-0.225952
-0.183138
-0.134913
-0.0826292
-0.0278275
-0.0182445
-0.0543639
-0.0893772
-0.122556
-0.153189
-0.180586
-0.204092
-0.223097
-0.237055
-0.245496
-0.248052
-0.244476
-0.234667
-0.218689
-0.196791
-0.16942
-0.137221
-0.10103
-0.0618528
-0.0208263
-0.0127705
-0.0380496
-0.0625454
-0.0857434
-0.107141
-0.126253
-0.14262
-0.15582
-0.165471
-0.171255
-0.172922
-0.170311
-0.163364
-0.152137
-0.136815
-0.117716
-0.0952956
-0.0701341
-0.0429255
-0.0144513
-0.00755821
-0.0225185
-0.0370117
-0.0507311
-0.0633778
-0.0746639
-0.0843179
-0.0920893
-0.0977558
-0.101131
-0.10207
-0.100484
-0.0963412
-0.0896804
-0.0806146
-0.069335
-0.0561108
-0.0412848
-0.0252638
-0.00850451
-0.00250211
-0.00745444
-0.0122515
-0.0167916
-0.0209754
-0.0247074
-0.0278978
-0.0304639
-0.0323322
-0.0334415
-0.033745
-0.0332131
-0.0318366
-0.0296291
-0.0266284
-0.0228983
-0.0185279
-0.0136306
-0.00834039
-0.00280748
-36.6452
-39.6889
-42.9463
-46.4336
-50.1671
-54.1631
-58.4374
-63.0057
-67.8823
-73.0807
-78.6123
-84.4863
-90.7092
-97.284
-104.21
-111.48
-119.085
-127.008
-135.226
-143.711
-36.4473
-39.4752
-42.7165
-46.1875
-49.9047
-53.8846
-58.1436
-62.6972
-67.5607
-72.7475
-78.2698
-84.1374
-90.3574
-96.9332
-103.865
-111.146
-118.768
-126.713
-134.959
-143.478
-36.0519
-39.048
-42.2569
-45.6951
-49.3796
-53.3272
-57.5549
-62.0791
-66.9155
-72.0788
-77.5821
-83.4362
-89.6496
-96.227
-103.169
-110.472
-118.126
-126.116
-134.42
-143.008
-35.46
-38.4081
-41.5679
-44.9565
-48.5912
-52.4898
-56.6698
-61.1487
-65.9435
-71.0702
-76.5434
-82.3759
-88.5778
-95.1559
-102.113
-109.447
-117.149
-125.206
-133.595
-142.288
-34.6729
-37.5565
-40.6502
-43.9717
-47.5391
-51.3708
-55.4857
-59.9025
-64.6396
-69.715
-75.1455
-80.9461
-87.1297
-93.7059
-100.68
-108.053
-115.818
-123.963
-132.467
-141.301
-33.6926
-36.4947
-39.5047
-42.741
-46.2225
-49.9688
-53.9998
-58.3358
-62.9975
-68.0048
-73.3773
-79.1334
-85.2891
-91.8578
-98.8488
-106.266
-114.107
-122.361
-131.009
-140.022
-32.522
-35.225
-38.133
-41.2652
-44.6413
-48.2819
-52.2087
-56.4437
-61.0096
-65.9293
-71.2257
-76.9209
-83.0355
-89.5875
-96.5913
-104.056
-111.982
-120.365
-129.186
-138.417
-31.1643
-33.7502
-36.5373
-39.5454
-42.7954
-46.3091
-50.1094
-54.2206
-58.6679
-63.4772
-68.6754
-74.2891
-80.3445
-86.8656
-93.8732
-101.383
-109.402
-117.931
-126.953
-136.443
-29.6242
-32.0741
-34.7204
-37.5838
-40.6858
-44.0495
-47.6994
-51.6616
-55.964
-60.6362
-65.7094
-71.2157
-77.1877
-83.6571
-90.653
-98.1998
-106.314
-115.002
-124.254
-134.045
-27.907
-30.2015
-32.6866
-35.3835
-38.3145
-41.5037
-44.9769
-48.7623
-52.8904
-57.3944
-62.3103
-67.6765
-73.5334
-79.922
-86.882
-94.4494
-102.653
-111.508
-121.015
-131.152
-26.0192
-28.1384
-30.4411
-32.949
-35.685
-38.6739
-41.9424
-45.5204
-49.4408
-53.7406
-58.4608
-63.6468
-69.3476
-75.6155
-82.5036
-90.0633
-98.3389
-107.362
-117.146
-127.675
-23.9687
-25.8918
-27.9904
-30.2863
-32.8027
-35.5643
-38.5985
-41.936
-45.6119
-49.6664
-54.1457
-59.1021
-64.5947
-70.6887
-77.4538
-84.9611
-93.2774
-102.457
-112.532
-123.499
-21.7639
-23.4698
-25.3423
-27.4033
-29.6752
-32.1822
-34.9512
-38.0131
-41.4043
-45.1675
-49.3533
-54.0211
-59.2404
-65.0908
-71.6618
-79.0499
-87.3523
-96.6567
-107.026
-118.477
-19.4146
-20.8811
-22.5056
-24.3092
-26.3127
-28.5382
-31.0109
-33.761
-36.8247
-40.246
-44.0789
-48.3888
-53.2549
-58.7723
-65.0528
-72.2243
-80.4252
-89.7919
-100.436
-112.414
-16.9301
-18.1345
-19.4899
-21.0153
-22.7281
-24.6468
-26.7934
-29.1953
-31.8873
-34.913
-38.3276
-42.2003
-46.6182
-51.6906
-57.5528
-64.3694
-72.3323
-81.6494
-92.514
-105.052
-14.3188
-15.2371
-16.304
-17.534
-18.9378
-20.5276
-22.3205
-24.3396
-26.6162
-29.1912
-32.1181
-35.4665
-39.3271
-43.819
-49.0984
-55.3681
-62.8854
-71.9592
-82.9186
-96.0268
-11.5838
-12.1909
-12.9551
-13.879
-14.9613
-16.2054
-17.6212
-19.2264
-21.0466
-23.1176
-25.4873
-28.2204
-31.4046
-35.1601
-39.6537
-45.1191
-51.8819
-60.3835
-71.1745
-84.8054
-8.7152
-8.98751
-9.44672
-10.0654
-10.823
-11.7113
-12.7327
-13.8981
-15.2264
-16.7451
-18.4929
-20.5232
-22.9108
-25.7629
-29.2373
-33.5727
-39.1396
-46.5184
-56.5902
-70.5182
-5.66289
-5.59725
-5.77882
-6.1129
-6.55398
-7.08425
-7.70028
-8.40698
-9.21561
-10.1437
-11.2162
-12.4687
-13.9525
-15.7436
-17.9599
-20.7948
-24.5854
-29.9604
-38.1499
-51.5168
-2.24326
-1.95978
-1.9584
-2.05341
-2.19576
-2.37143
-2.57712
-2.81391
-3.08544
-3.39769
-3.75937
-4.18299
-4.68687
-5.29888
-6.06399
-7.06114
-8.44689
-10.5879
-14.5321
-23.9227
-152.428
-161.337
-170.393
-179.548
-188.747
-197.936
-207.06
-216.064
-224.893
-233.497
-152.235
-161.19
-170.296
-179.503
-188.756
-198.002
-207.181
-216.238
-225.118
-233.769
-151.846
-160.891
-170.097
-179.41
-188.775
-198.133
-207.424
-216.589
-225.572
-234.317
-151.249
-160.433
-169.791
-179.267
-188.801
-198.331
-207.792
-217.123
-226.262
-235.152
-150.428
-159.801
-169.366
-179.065
-188.831
-198.596
-208.292
-217.849
-227.201
-236.287
-149.36
-158.976
-168.809
-178.795
-188.861
-198.932
-208.931
-218.78
-228.407
-237.744
-148.017
-157.932
-168.1
-178.445
-188.887
-199.341
-209.718
-219.933
-229.902
-239.552
-146.357
-156.637
-167.212
-177.998
-188.902
-199.826
-210.668
-221.331
-231.718
-241.746
-144.33
-155.047
-166.113
-177.433
-188.897
-200.392
-211.799
-223.003
-233.894
-244.375
-141.873
-153.108
-164.762
-176.722
-188.862
-201.045
-213.132
-224.988
-236.482
-247.499
-138.902
-150.749
-163.104
-175.833
-188.783
-201.794
-214.698
-227.334
-239.546
-251.197
-135.313
-147.881
-161.072
-174.721
-188.645
-202.649
-216.533
-230.103
-243.171
-255.57
-130.969
-144.392
-158.582
-173.335
-188.427
-203.622
-218.683
-233.373
-247.464
-260.748
-125.692
-140.136
-155.529
-171.611
-188.105
-204.731
-221.204
-237.243
-252.565
-266.905
-119.251
-134.93
-151.786
-169.475
-187.653
-205.99
-224.16
-241.83
-258.649
-274.266
-111.332
-128.546
-147.209
-166.849
-187.042
-207.416
-227.616
-247.266
-265.936
-283.141
-101.502
-120.712
-141.657
-163.67
-186.251
-209.017
-231.623
-253.682
-274.687
-293.955
-89.1602
-111.144
-135.038
-159.923
-185.275
-210.778
-236.176
-261.152
-285.174
-307.306
-73.4765
-99.6644
-127.427
-155.708
-184.148
-212.643
-241.152
-269.574
-297.551
-324.016
-53.5647
-86.6105
-119.299
-151.334
-182.965
-214.494
-246.216
-278.442
-311.441
-344.945
-30.2489
-73.9144
-111.823
-147.363
-181.886
-216.15
-250.777
-286.537
-324.825
-369.134
-23.7655
-66.9751
-106.717
-144.407
-181.067
-217.444
-254.204
-292.105
-332.188
-375.902
-21.6036
-63.5037
-103.662
-142.483
-180.531
-218.356
-256.491
-295.49
-335.921
-378.186
-20.7488
-61.7743
-101.944
-141.331
-180.218
-218.956
-257.914
-297.442
-337.82
-379.108
-20.3663
-60.9007
-101.008
-140.68
-180.053
-219.338
-258.766
-298.546
-338.808
-379.532
-20.1821
-60.4541
-100.509
-140.327
-179.975
-219.576
-259.267
-299.166
-339.335
-379.745
-20.09
-60.2245
-100.247
-140.142
-179.946
-219.725
-259.56
-299.515
-339.622
-379.857
-20.0433
-60.1069
-100.112
-140.05
-179.94
-219.819
-259.731
-299.714
-339.781
-379.918
-20.0197
-60.0474
-100.045
-140.007
-179.945
-219.878
-259.833
-299.828
-339.871
-379.952
-20.008
-60.018
-100.012
-139.989
-179.953
-219.917
-259.894
-299.895
-339.922
-379.971
-20.0024
-60.0042
-99.9981
-139.983
-179.962
-219.943
-259.931
-299.934
-339.952
-379.983
-19.9999
-59.9981
-99.9925
-139.983
-179.971
-219.96
-259.955
-299.958
-339.97
-379.989
-19.9989
-59.996
-99.9913
-139.985
-179.977
-219.972
-259.969
-299.972
-339.981
-379.993
-19.9986
-59.9956
-99.9918
-139.987
-179.983
-219.98
-259.979
-299.981
-339.987
-379.995
-19.9987
-59.996
-99.993
-139.99
-179.987
-219.985
-259.985
-299.987
-339.991
-379.997
-19.9989
-59.9966
-99.9944
-139.992
-179.99
-219.99
-259.99
-299.991
-339.994
-379.998
-19.9991
-59.9973
-99.9956
-139.994
-179.993
-219.992
-259.993
-299.994
-339.996
-379.999
-19.9993
-59.9979
-99.9966
-139.996
-179.995
-219.994
-259.995
-299.996
-339.997
-379.999
-19.9995
-59.9984
-99.9974
-139.997
-179.996
-219.996
-259.996
-299.997
-339.998
-379.999
-19.9996
-59.9988
-99.9981
-139.998
-179.997
-219.997
-259.997
-299.998
-339.999
-380
-19.9997
-59.9991
-99.9986
-139.998
-179.998
-219.998
-259.998
-299.998
-339.999
-380
-19.9998
-59.9993
-99.9989
-139.999
-179.998
-219.998
-259.999
-299.999
-339.999
-380
-19.9998
-59.9995
-99.9992
-139.999
-179.999
-219.999
-259.999
-299.999
-339.999
-380
-19.9999
-59.9996
-99.9994
-139.999
-179.999
-219.999
-259.999
-299.999
-340
-380
-19.9999
-59.9997
-99.9996
-139.999
-179.999
-219.999
-259.999
-300
-340
-380
-19.9999
-59.9998
-99.9997
-140
-180
-220
-260
-300
-340
-380
-19.9999
-59.9999
-99.9998
-140
-180
-220
-260
-300
-340
-380
-20
-59.9999
-99.9998
-140
-180
-220
-260
-300
-340
-380
-20
-59.9999
-99.9999
-140
-180
-220
-260
-300
-340
-380
-20
-59.9999
-99.9999
-140
-180
-220
-260
-300
-340
-380
-20
-60
-99.9999
-140
-180
-220
-260
-300
-340
-380
-20
-60
-100
-140
-180
-220
-260
-300
-340
-380
-20
-60
-100
-140
-180
-220
-260
-300
-340
-380
-20
-60
-100
-140
-180
-220
-260
-300
-340
-380
-20
-60
-100
-140
-180
-220
-260
-300
-340
-380
-20
-60
-100
-140
-180
-220
-260
-300
-340
-380
-20
-60
-100
-140
-180
-220
-260
-300
-340
-380
-20
-60
-100
-140
-180
-220
-260
-300
-340
-380
-20
-60
-100
-140
-180
-220
-260
-300
-340
-380
-20
-60
-100
-140
-180
-220
-260
-300
-340
-380
-20
-60
-100
-140
-180
-220
-260
-300
-340
-380
-20
-60
-100
-140
-180
-220
-260
-300
-340
-380
-20
-60
-100
-140
-180
-220
-260
-300
-340
-380
-20
-60
-100
-140
-180
-220
-260
-300
-340
-380
-20
-60
-100
-140
-180
-220
-260
-300
-340
-380
-20
-60
-100
-140
-180
-220
-260
-300
-340
-380
-20
-60
-100
-140
-180
-220
-260
-300
-340
-380
-20
-60
-100
-140
-180
-220
-260
-300
-340
-380
-20
-60
-100
-140
-180
-220
-260
-300
-340
-380
-20
-60
-100
-140
-180
-220
-260
-300
-340
-380
-20
-60
-100
-140
-180
-220
-260
-300
-340
-380
-20
-60
-100
-140
-180
-220
-260
-300
-340
-380
-20
-60
-99.9999
-140
-180
-220
-260
-300
-340
-380
-20
-59.9999
-99.9999
-140
-180
-220
-260
-300
-340
-380
-20
-59.9999
-99.9999
-140
-180
-220
-260
-300
-340
-380
-20
-59.9999
-99.9998
-140
-180
-220
-260
-300
-340
-380
-19.9999
-59.9999
-99.9998
-140
-180
-220
-260
-300
-340
-380
-19.9999
-59.9998
-99.9997
-140
-180
-220
-260
-300
-340
-380
-19.9999
-59.9997
-99.9996
-139.999
-179.999
-219.999
-259.999
-300
-340
-380
-19.9999
-59.9996
-99.9994
-139.999
-179.999
-219.999
-259.999
-299.999
-340
-380
-19.9998
-59.9995
-99.9992
-139.999
-179.999
-219.999
-259.999
-299.999
-339.999
-380
-19.9998
-59.9993
-99.9989
-139.999
-179.998
-219.998
-259.999
-299.999
-339.999
-380
-19.9997
-59.999
-99.9985
-139.998
-179.998
-219.998
-259.998
-299.998
-339.999
-380
-19.9995
-59.9987
-99.9979
-139.997
-179.997
-219.997
-259.997
-299.998
-339.999
-380
-19.9994
-59.9982
-99.9972
-139.996
-179.996
-219.996
-259.996
-299.997
-339.998
-379.999
-19.9992
-59.9975
-99.9962
-139.995
-179.995
-219.995
-259.995
-299.996
-339.998
-379.999
-19.9988
-59.9966
-99.9948
-139.993
-179.993
-219.993
-259.993
-299.995
-339.997
-379.999
-19.9984
-59.9954
-99.9929
-139.991
-179.99
-219.99
-259.991
-299.993
-339.995
-379.998
-19.9978
-59.9937
-99.9902
-139.988
-179.986
-219.986
-259.988
-299.99
-339.994
-379.998
-19.9971
-59.9915
-99.9867
-139.983
-179.981
-219.981
-259.983
-299.987
-339.991
-379.997
-19.996
-59.9883
-99.9818
-139.977
-179.975
-219.975
-259.977
-299.982
-339.988
-379.996
-19.9945
-59.9841
-99.9752
-139.969
-179.965
-219.965
-259.969
-299.975
-339.984
-379.995
-19.9925
-59.9782
-99.9661
-139.957
-179.953
-219.953
-259.957
-299.966
-339.978
-379.992
-19.9898
-59.9703
-99.9537
-139.942
-179.935
-219.935
-259.942
-299.954
-339.97
-379.99
-19.986
-59.9594
-99.9368
-139.92
-179.912
-219.912
-259.92
-299.937
-339.959
-379.986
-19.9809
-59.9446
-99.9137
-139.891
-179.879
-219.879
-259.891
-299.914
-339.945
-379.981
-19.9739
-59.9243
-99.8821
-139.851
-179.835
-219.835
-259.851
-299.882
-339.924
-379.974
-19.9644
-59.8967
-99.839
-139.797
-179.775
-219.775
-259.797
-299.839
-339.896
-379.964
-19.9514
-59.859
-99.7803
-139.723
-179.693
-219.693
-259.723
-299.78
-339.859
-379.951
-19.9337
-59.8075
-99.7001
-139.622
-179.581
-219.58
-259.621
-299.699
-339.807
-379.933
-19.9095
-59.7373
-99.5906
-139.484
-179.427
-219.427
-259.482
-299.589
-339.736
-379.909
-19.8765
-59.6416
-99.4413
-139.295
-179.218
-219.217
-259.293
-299.438
-339.639
-379.876
-19.8316
-59.5111
-99.2378
-139.038
-178.932
-218.93
-259.034
-299.232
-339.506
-379.83
-19.7705
-59.3335
-98.9606
-138.688
-178.542
-218.539
-258.679
-298.95
-339.325
-379.767
-19.6874
-59.0919
-98.583
-138.21
-178.01
-218.004
-258.194
-298.563
-339.076
-379.681
-19.5745
-58.7635
-98.0696
-137.56
-177.284
-217.273
-257.53
-298.033
-338.734
-379.563
-19.4214
-58.3181
-97.3722
-136.674
-176.294
-216.273
-256.62
-297.305
-338.264
-379.401
-19.2145
-57.7154
-96.4268
-135.471
-174.945
-214.907
-255.372
-296.304
-337.616
-379.176
-18.9357
-56.9023
-95.1484
-133.839
-173.106
-213.037
-253.657
-294.923
-336.719
-378.866
-18.5616
-55.8097
-93.4254
-131.63
-170.605
-210.478
-251.295
-293.01
-335.473
-378.433
-18.0627
-54.3496
-91.1139
-128.649
-167.208
-206.973
-248.035
-290.351
-333.73
-377.825
-17.4023
-52.412
-88.0314
-124.646
-162.602
-202.174
-243.52
-286.63
-331.27
-376.964
-16.5368
-49.8647
-83.9536
-119.302
-156.38
-195.599
-237.243
-281.379
-327.755
-375.724
-15.4171
-46.5565
-78.6167
-112.226
-148.019
-186.601
-228.472
-273.887
-322.647
-373.9
-13.9923
-42.3273
-71.7308
-102.968
-136.867
-174.312
-216.16
-263.05
-315.046
-371.13
-12.2168
-37.0297
-63.0115
-91.046
-122.171
-157.621
-198.804
-247.108
-303.356
-366.703
-10.0622
-30.5632
-52.2396
-76.0337
-103.15
-135.197
-174.326
-223.223
-284.566
-359.03
-7.53102
-22.9214
-39.3498
-57.6992
-79.1983
-105.693
-140.078
-186.892
-252.655
-343.883
-4.67143
-14.2417
-24.5389
-36.2151
-50.2509
-68.2973
-93.4027
-131.612
-195.28
-307.728
-1.58441
-4.83504
-8.34908
-12.3715
-17.293
-23.8428
-33.6235
-50.8722
-89.1255
-199.476
-241.83
-249.848
-257.515
-264.8
-271.676
-278.125
-284.131
-289.685
-294.782
-299.42
-303.603
-307.336
-310.626
-313.484
-315.921
-317.95
-319.586
-320.843
-321.739
-322.288
-242.144
-250.199
-257.898
-265.208
-272.105
-278.568
-284.583
-290.142
-295.24
-299.876
-304.054
-307.778
-311.059
-313.905
-316.329
-318.344
-319.964
-321.206
-322.084
-322.617
-242.777
-250.907
-258.668
-266.03
-272.966
-279.458
-285.492
-291.06
-296.16
-300.79
-304.957
-308.665
-311.925
-314.748
-317.145
-319.132
-320.722
-321.931
-322.776
-323.274
-243.741
-251.983
-259.839
-267.277
-274.272
-280.806
-286.867
-292.448
-297.548
-302.169
-306.317
-310
-313.229
-316.016
-318.373
-320.316
-321.86
-323.02
-323.815
-324.261
-245.051
-253.445
-261.427
-268.967
-276.039
-282.627
-288.721
-294.317
-299.415
-304.021
-308.143
-311.79
-314.976
-317.712
-320.015
-321.899
-323.381
-324.476
-325.203
-325.579
-246.732
-255.317
-263.459
-271.124
-278.29
-284.942
-291.073
-296.683
-301.775
-306.358
-310.442
-314.042
-317.171
-319.843
-322.076
-323.885
-325.288
-326.3
-326.941
-327.229
-248.814
-257.634
-265.967
-273.781
-281.055
-287.778
-293.947
-299.566
-304.643
-309.192
-313.227
-316.765
-319.822
-322.414
-324.561
-326.278
-327.584
-328.496
-329.033
-329.213
-251.339
-260.437
-268.994
-276.978
-284.372
-291.168
-297.371
-302.99
-308.041
-312.541
-316.51
-319.969
-322.936
-325.432
-327.475
-329.083
-330.274
-331.067
-331.48
-331.533
-254.36
-263.782
-272.594
-280.766
-288.285
-295.152
-301.379
-306.983
-311.988
-316.42
-320.303
-323.663
-326.522
-328.902
-330.823
-332.304
-333.363
-334.018
-334.288
-334.192
-257.942
-267.737
-276.834
-285.207
-292.851
-299.777
-306.008
-311.575
-316.51
-320.848
-324.621
-327.858
-330.587
-332.832
-334.612
-335.948
-336.856
-337.354
-337.46
-337.195
-262.173
-272.39
-281.798
-290.377
-298.134
-305.096
-311.302
-316.798
-321.629
-325.841
-329.473
-332.562
-335.137
-337.225
-338.846
-340.019
-340.759
-341.082
-341.004
-340.546
-267.163
-277.853
-287.591
-296.368
-304.212
-311.171
-317.307
-322.685
-327.368
-331.413
-334.869
-337.778
-340.175
-342.085
-343.529
-344.523
-345.079
-345.21
-344.929
-344.255
-273.055
-284.269
-294.345
-303.294
-311.174
-318.069
-324.07
-329.268
-333.745
-337.574
-340.812
-343.508
-345.698
-347.41
-348.661
-349.464
-349.825
-349.749
-349.247
-348.332
-280.039
-291.825
-302.224
-311.287
-319.122
-325.86
-331.636
-336.571
-340.772
-344.324
-347.297
-349.743
-351.701
-353.196
-354.243
-354.847
-355.006
-354.717
-353.976
-352.795
-288.37
-300.768
-311.441
-320.51
-328.166
-334.614
-340.042
-344.609
-348.447
-351.654
-354.309
-356.467
-358.166
-359.43
-360.268
-360.675
-360.637
-360.134
-359.147
-357.673
-298.408
-311.435
-322.26
-331.146
-338.419
-344.387
-349.307
-353.378
-356.751
-359.537
-361.817
-363.649
-365.067
-366.091
-366.723
-366.947
-366.733
-366.036
-364.807
-363.013
-310.686
-324.302
-335.02
-343.393
-349.975
-355.21
-359.423
-362.846
-365.642
-367.925
-369.775
-371.243
-372.362
-373.145
-373.585
-373.658
-373.312
-372.47
-371.03
-368.897
-326.08
-340.067
-350.126
-357.433
-362.88
-367.054
-370.327
-372.94
-375.046
-376.748
-378.114
-379.188
-379.994
-380.54
-380.815
-380.786
-380.387
-379.501
-377.946
-375.484
-346.261
-359.761
-367.983
-373.331
-377.057
-379.797
-381.894
-383.54
-384.853
-385.906
-386.745
-387.4
-387.886
-388.206
-388.35
-388.286
-387.949
-387.202
-385.771
-383.119
-375.188
-384.732
-388.714
-390.853
-392.219
-393.185
-393.911
-394.474
-394.921
-395.277
-395.561
-395.781
-395.943
-396.048
-396.091
-396.059
-395.919
-395.587
-394.816
-392.723
-322.509
-322.418
-322.034
-321.375
-320.456
-319.297
-317.914
-316.322
-314.538
-312.578
-310.454
-308.18
-305.769
-303.233
-300.582
-297.827
-294.976
-292.038
-289.022
-285.934
-282.781
-279.569
-276.303
-272.989
-269.631
-266.233
-262.8
-259.335
-255.841
-252.321
-248.777
-245.213
-241.631
-238.033
-234.421
-230.796
-227.16
-223.515
-219.862
-216.203
-212.538
-208.869
-205.197
-201.523
-197.847
-194.17
-190.494
-186.818
-183.143
-179.471
-175.801
-172.133
-168.469
-164.809
-161.153
-157.5
-153.853
-150.21
-146.573
-142.94
-139.313
-135.692
-132.076
-128.466
-124.861
-121.262
-117.67
-114.083
-110.502
-106.926
-103.357
-99.7927
-96.2345
-92.6818
-89.1345
-85.5925
-82.0558
-78.5241
-74.9973
-71.4753
-67.9579
-64.445
-60.9363
-57.4317
-53.9309
-50.4339
-46.9402
-43.4499
-39.9625
-36.478
-32.996
-29.5164
-26.0389
-22.5632
-19.0892
-15.6166
-12.145
-8.67439
-5.20438
-1.73475
-322.82
-322.712
-322.31
-321.633
-320.698
-319.521
-318.121
-316.514
-314.716
-312.741
-310.603
-308.317
-305.895
-303.347
-300.687
-297.922
-295.063
-292.117
-289.094
-285.999
-282.84
-279.622
-276.351
-273.033
-269.67
-266.269
-262.832
-259.364
-255.866
-252.344
-248.798
-245.232
-241.648
-238.047
-234.433
-230.806
-227.169
-223.523
-219.869
-216.208
-212.543
-208.873
-205.2
-201.524
-197.847
-194.17
-190.493
-186.817
-183.142
-179.468
-175.798
-172.13
-168.466
-164.805
-161.148
-157.496
-153.848
-150.205
-146.567
-142.935
-139.308
-135.686
-132.07
-128.46
-124.855
-121.257
-117.664
-114.077
-110.496
-106.92
-103.351
-99.7871
-96.2289
-92.6763
-89.1291
-85.5873
-82.0507
-78.5191
-74.9925
-71.4707
-67.9535
-64.4407
-60.9322
-57.4278
-53.9273
-50.4304
-46.937
-43.4468
-39.9597
-36.4754
-32.9937
-29.5143
-26.037
-22.5616
-19.0878
-15.6154
-12.1442
-8.67376
-5.204
-1.73463
-323.443
-323.299
-322.862
-322.15
-321.179
-319.969
-318.537
-316.898
-315.069
-313.066
-310.902
-308.59
-306.145
-303.576
-300.895
-298.112
-295.235
-292.274
-289.237
-286.129
-282.957
-279.729
-276.448
-273.12
-269.749
-266.34
-262.896
-259.421
-255.918
-252.39
-248.839
-245.268
-241.68
-238.076
-234.458
-230.828
-227.188
-223.538
-219.882
-216.219
-212.551
-208.879
-205.204
-201.527
-197.849
-194.17
-190.491
-186.814
-183.138
-179.464
-175.792
-172.124
-168.458
-164.797
-161.14
-157.487
-153.839
-150.195
-146.557
-142.924
-139.297
-135.675
-132.059
-128.448
-124.844
-121.245
-117.652
-114.065
-110.484
-106.909
-103.34
-99.7759
-96.2179
-92.6654
-89.1185
-85.5769
-82.0405
-78.5093
-74.983
-71.4615
-67.9446
-64.4322
-60.9241
-57.4201
-53.9199
-50.4235
-46.9305
-43.4408
-39.9541
-36.4703
-32.989
-29.5101
-26.0333
-22.5584
-19.0851
-15.6132
-12.1424
-8.6725
-5.20325
-1.73437
-324.377
-324.18
-323.689
-322.924
-321.901
-320.64
-319.158
-317.472
-315.598
-313.552
-311.347
-308.999
-306.518
-303.916
-301.205
-298.395
-295.493
-292.509
-289.449
-286.322
-283.133
-279.887
-276.592
-273.25
-269.866
-266.446
-262.991
-259.507
-255.995
-252.458
-248.9
-245.322
-241.728
-238.118
-234.494
-230.86
-227.215
-223.561
-219.901
-216.235
-212.563
-208.888
-205.211
-201.531
-197.85
-194.17
-190.489
-186.81
-183.132
-179.456
-175.783
-172.114
-168.447
-164.785
-161.127
-157.473
-153.824
-150.18
-146.541
-142.908
-139.28
-135.658
-132.041
-128.431
-124.826
-121.227
-117.635
-114.048
-110.467
-106.892
-103.322
-99.7589
-96.2012
-92.6491
-89.1025
-85.5612
-82.0253
-78.4945
-74.9686
-71.4476
-67.9313
-64.4194
-60.9119
-57.4084
-53.9089
-50.4131
-46.9207
-43.4317
-39.9457
-36.4625
-32.9819
-29.5037
-26.0277
-22.5535
-19.0809
-15.6098
-12.1397
-8.67061
-5.20211
-1.73399
-325.623
-325.355
-324.792
-323.954
-322.861
-321.531
-319.983
-318.233
-316.299
-314.196
-311.938
-309.539
-307.011
-304.367
-301.616
-298.768
-295.833
-292.818
-289.73
-286.577
-283.364
-280.097
-276.781
-273.421
-270.021
-266.585
-263.117
-259.619
-256.096
-252.548
-248.98
-245.394
-241.791
-238.173
-234.543
-230.901
-227.251
-223.592
-219.926
-216.255
-212.579
-208.901
-205.219
-201.536
-197.853
-194.169
-190.486
-186.804
-183.124
-179.446
-175.771
-172.1
-168.432
-164.768
-161.109
-157.454
-153.804
-150.16
-146.52
-142.886
-139.258
-135.635
-132.018
-128.408
-124.803
-121.204
-117.611
-114.024
-110.443
-106.868
-103.299
-99.7363
-96.1789
-92.6272
-89.081
-85.5403
-82.0049
-78.4747
-74.9495
-71.4291
-67.9135
-64.4023
-60.8955
-57.3929
-53.8941
-50.3991
-46.9077
-43.4195
-39.9344
-36.4522
-32.9725
-29.4953
-26.0202
-22.547
-19.0754
-15.6052
-12.1362
-8.66808
-5.20059
-1.73349
-327.183
-326.823
-326.169
-325.241
-324.058
-322.642
-321.009
-319.18
-317.169
-314.994
-312.669
-310.207
-307.622
-304.923
-302.123
-299.23
-296.253
-293.199
-290.076
-286.891
-283.649
-280.355
-277.015
-273.632
-270.212
-266.757
-263.272
-259.758
-256.22
-252.66
-249.079
-245.481
-241.868
-238.241
-234.602
-230.953
-227.294
-223.629
-219.957
-216.28
-212.599
-208.915
-205.229
-201.542
-197.855
-194.167
-190.481
-186.796
-183.113
-179.433
-175.756
-172.083
-168.413
-164.748
-161.087
-157.431
-153.78
-150.134
-146.493
-142.859
-139.23
-135.607
-131.989
-128.378
-124.773
-121.174
-117.581
-113.995
-110.414
-106.839
-103.271
-99.7079
-96.151
-92.5998
-89.0542
-85.5141
-81.9794
-78.4499
-74.9254
-71.4059
-67.8911
-64.3809
-60.875
-57.3734
-53.8757
-50.3817
-46.8913
-43.4043
-39.9203
-36.4392
-32.9608
-29.4847
-26.0108
-22.5388
-19.0685
-15.5995
-12.1318
-8.66491
-5.19869
-1.73285
-329.057
-328.586
-327.82
-326.781
-325.49
-323.967
-322.233
-320.306
-318.204
-315.942
-313.536
-311
-308.345
-305.582
-302.723
-299.776
-296.749
-293.65
-290.486
-287.262
-283.985
-280.66
-277.291
-273.882
-270.437
-266.96
-263.454
-259.922
-256.367
-252.791
-249.196
-245.585
-241.959
-238.321
-234.671
-231.013
-227.346
-223.672
-219.993
-216.309
-212.622
-208.932
-205.241
-201.548
-197.856
-194.165
-190.475
-186.786
-183.1
-179.417
-175.738
-172.062
-168.39
-164.722
-161.06
-157.402
-153.75
-150.103
-146.461
-142.826
-139.196
-135.572
-131.955
-128.343
-124.738
-121.139
-117.546
-113.959
-110.379
-106.804
-103.236
-99.6737
-96.1173
-92.5667
-89.0218
-85.4825
-81.9486
-78.42
-74.8965
-71.378
-67.8642
-64.3551
-60.8504
-57.3499
-53.8534
-50.3607
-46.8717
-43.3859
-39.9033
-36.4236
-32.9466
-29.472
-25.9995
-22.529
-19.0601
-15.5927
-12.1265
-8.6611
-5.1964
-1.73209
-331.247
-330.643
-329.744
-328.573
-327.153
-325.505
-323.65
-321.609
-319.398
-317.035
-314.535
-311.911
-309.175
-306.338
-303.411
-300.401
-297.317
-294.166
-290.954
-287.687
-284.37
-281.008
-277.606
-274.167
-270.694
-267.192
-263.663
-260.109
-256.534
-252.94
-249.329
-245.703
-242.063
-238.412
-234.751
-231.081
-227.404
-223.721
-220.033
-216.341
-212.647
-208.95
-205.253
-201.555
-197.857
-194.161
-190.467
-186.774
-183.085
-179.398
-175.715
-172.037
-168.362
-164.693
-161.028
-157.368
-153.714
-150.066
-146.423
-142.787
-139.156
-135.532
-131.913
-128.302
-124.696
-121.097
-117.504
-113.917
-110.337
-106.763
-103.195
-99.6336
-96.0778
-92.528
-88.9839
-85.4454
-81.9125
-78.3849
-74.8626
-71.3452
-67.8327
-64.3249
-60.8215
-57.3224
-53.8274
-50.3362
-46.8486
-43.3644
-39.8834
-36.4054
-32.93
-29.457
-25.9863
-22.5175
-19.0504
-15.5847
-12.1202
-8.65664
-5.19372
-1.7312
-333.754
-332.995
-331.941
-330.615
-329.043
-327.249
-325.254
-323.08
-320.744
-318.265
-315.657
-312.933
-310.106
-307.185
-304.181
-301.101
-297.953
-294.743
-291.477
-288.162
-284.8
-281.398
-277.958
-274.485
-270.981
-267.451
-263.895
-260.318
-256.721
-253.107
-249.477
-245.834
-242.178
-238.513
-234.838
-231.156
-227.468
-223.774
-220.077
-216.376
-212.673
-208.969
-205.265
-201.561
-197.857
-194.156
-190.456
-186.759
-183.065
-179.375
-175.689
-172.007
-168.33
-164.658
-160.991
-157.329
-153.673
-150.023
-146.379
-142.741
-139.11
-135.485
-131.866
-128.254
-124.648
-121.049
-117.456
-113.869
-110.289
-106.716
-103.149
-99.5874
-96.0324
-92.4834
-88.9403
-85.4029
-81.8711
-78.3447
-74.8236
-71.3076
-67.7966
-64.2902
-60.7884
-57.2909
-53.7975
-50.308
-46.8222
-43.3398
-39.8606
-36.3844
-32.9109
-29.4399
-25.9711
-22.5043
-19.0392
-15.5755
-12.1131
-8.65152
-5.19065
-1.73017
-336.581
-335.643
-334.408
-332.903
-331.156
-329.193
-327.038
-324.712
-322.235
-319.624
-316.895
-314.06
-311.13
-308.116
-305.026
-301.869
-298.65
-295.375
-292.051
-288.682
-285.271
-281.824
-278.344
-274.833
-271.296
-267.734
-264.15
-260.547
-256.926
-253.289
-249.639
-245.977
-242.304
-238.623
-234.933
-231.238
-227.537
-223.832
-220.124
-216.413
-212.702
-208.989
-205.277
-201.566
-197.856
-194.148
-190.443
-186.741
-183.043
-179.348
-175.658
-171.973
-168.292
-164.617
-160.948
-157.284
-153.626
-149.975
-146.329
-142.69
-139.058
-135.432
-131.812
-128.199
-124.593
-120.994
-117.401
-113.815
-110.235
-106.662
-103.096
-99.5352
-95.9811
-92.433
-88.891
-85.3548
-81.8242
-78.2992
-74.7796
-71.2651
-67.7557
-64.251
-60.7509
-57.2552
-53.7637
-50.2762
-46.7923
-43.312
-39.8349
-36.3607
-32.8894
-29.4206
-25.954
-22.4894
-19.0265
-15.5652
-12.105
-8.64574
-5.18718
-1.72901
-339.732
-338.588
-337.145
-335.434
-333.486
-331.33
-328.992
-326.495
-323.859
-321.102
-318.238
-315.28
-312.239
-309.122
-305.94
-302.698
-299.402
-296.058
-292.67
-289.242
-285.779
-282.284
-278.76
-275.209
-271.635
-268.039
-264.424
-260.792
-257.145
-253.485
-249.813
-246.13
-242.439
-238.74
-235.035
-231.325
-227.61
-223.893
-220.173
-216.452
-212.73
-209.009
-205.288
-201.569
-197.852
-194.138
-190.427
-186.72
-183.016
-179.317
-175.623
-171.934
-168.25
-164.572
-160.899
-157.233
-153.573
-149.92
-146.273
-142.632
-138.999
-135.372
-131.752
-128.138
-124.532
-120.933
-117.34
-113.754
-110.175
-106.602
-103.036
-99.4768
-95.9236
-92.3767
-88.8358
-85.3009
-81.7718
-78.2484
-74.7304
-71.2176
-67.71
-64.2072
-60.7091
-57.2154
-53.726
-50.2406
-46.759
-43.2809
-39.8061
-36.3343
-32.8654
-29.399
-25.9349
-22.4728
-19.0124
-15.5536
-12.096
-8.63929
-5.1833
-1.72772
-343.212
-341.832
-340.149
-338.201
-336.023
-333.648
-331.104
-328.416
-325.605
-322.687
-319.676
-316.584
-313.422
-310.195
-306.913
-303.581
-300.203
-296.784
-293.328
-289.839
-286.32
-282.773
-279.202
-275.608
-271.995
-268.363
-264.715
-261.053
-257.379
-253.693
-249.997
-246.293
-242.581
-238.864
-235.142
-231.416
-227.687
-223.956
-220.224
-216.491
-212.759
-209.028
-205.298
-201.571
-197.846
-194.125
-190.407
-186.694
-182.985
-179.281
-175.582
-171.889
-168.202
-164.52
-160.845
-157.176
-153.514
-149.858
-146.21
-142.568
-138.933
-135.305
-131.684
-128.071
-124.464
-120.864
-117.272
-113.686
-110.108
-106.536
-102.971
-99.412
-95.8599
-92.3142
-88.7747
-85.2413
-81.7138
-78.1921
-74.6759
-71.165
-67.6594
-64.1587
-60.6628
-57.1714
-53.6843
-50.2012
-46.7221
-43.2465
-39.7742
-36.3051
-32.8388
-29.3751
-25.9137
-22.4544
-18.9968
-15.5408
-12.086
-8.63215
-5.17902
-1.72629
-347.03
-345.378
-343.42
-341.199
-338.758
-336.135
-333.361
-330.462
-327.457
-324.364
-321.195
-317.96
-314.668
-311.325
-307.937
-304.509
-301.044
-297.547
-294.02
-290.466
-286.887
-283.287
-279.666
-276.028
-272.373
-268.704
-265.021
-261.327
-257.623
-253.91
-250.189
-246.462
-242.73
-238.993
-235.252
-231.51
-227.765
-224.02
-220.275
-216.53
-212.786
-209.045
-205.306
-201.569
-197.837
-194.108
-190.383
-186.664
-182.949
-179.24
-175.536
-171.839
-168.147
-164.462
-160.784
-157.112
-153.448
-149.79
-146.139
-142.496
-138.86
-135.231
-131.61
-127.996
-124.389
-120.789
-117.197
-113.612
-110.034
-106.462
-102.898
-99.3407
-95.7898
-92.2455
-88.7075
-85.1758
-81.6501
-78.1302
-74.616
-71.1073
-67.6038
-64.1055
-60.6119
-57.123
-53.6384
-50.158
-46.6816
-43.2087
-39.7393
-36.273
-32.8097
-29.3489
-25.8905
-22.4342
-18.9797
-15.5267
-12.075
-8.62433
-5.17431
-1.72472
-351.198
-349.232
-346.952
-344.416
-341.675
-338.773
-335.743
-332.612
-329.398
-326.117
-322.779
-319.393
-315.964
-312.499
-309.001
-305.473
-301.918
-298.339
-294.738
-291.117
-287.477
-283.821
-280.149
-276.464
-272.766
-269.057
-265.338
-261.611
-257.876
-254.135
-250.388
-246.637
-242.882
-239.125
-235.366
-231.605
-227.845
-224.084
-220.325
-216.567
-212.812
-209.059
-205.31
-201.565
-197.823
-194.086
-190.355
-186.628
-182.908
-179.193
-175.484
-171.782
-168.086
-164.398
-160.716
-157.042
-153.374
-149.715
-146.062
-142.417
-138.78
-135.15
-131.528
-127.913
-124.306
-120.707
-117.115
-113.53
-109.952
-106.382
-102.819
-99.2627
-95.7132
-92.1704
-88.6342
-85.1042
-81.5805
-78.0627
-74.5507
-71.0443
-67.5432
-64.0474
-60.5565
-57.0702
-53.5885
-50.111
-46.6374
-43.1676
-39.7012
-36.2381
-32.7779
-29.3203
-25.8652
-22.4122
-18.961
-15.5114
-12.0631
-8.6158
-5.16919
-1.72302
-355.736
-353.399
-350.741
-347.838
-344.754
-341.539
-338.227
-334.844
-331.407
-327.927
-324.412
-320.868
-317.298
-313.706
-310.094
-306.464
-302.817
-299.154
-295.477
-291.786
-288.084
-284.37
-280.645
-276.912
-273.17
-269.42
-265.664
-261.902
-258.136
-254.365
-250.592
-246.815
-243.038
-239.259
-235.48
-231.701
-227.923
-224.148
-220.374
-216.603
-212.835
-209.071
-205.311
-201.556
-197.805
-194.06
-190.321
-186.587
-182.86
-179.14
-175.426
-171.719
-168.019
-164.326
-160.641
-156.964
-153.294
-149.632
-145.977
-142.331
-138.692
-135.062
-131.439
-127.824
-124.217
-120.617
-117.025
-113.441
-109.864
-106.295
-102.733
-99.1779
-95.63
-92.0889
-88.5544
-85.0265
-81.5049
-77.9894
-74.4798
-70.9759
-67.4775
-63.9844
-60.4963
-57.013
-53.5343
-50.0599
-46.5895
-43.123
-39.6599
-36.2002
-32.7434
-29.2894
-25.8378
-22.3884
-18.9408
-15.4948
-12.0502
-8.60655
-5.16364
-1.72116
-360.675
-357.888
-354.774
-351.44
-347.964
-344.4
-340.783
-337.131
-333.458
-329.771
-326.074
-322.368
-318.654
-314.934
-311.206
-307.472
-303.731
-299.983
-296.229
-292.468
-288.701
-284.929
-281.151
-277.368
-273.581
-269.79
-265.996
-262.199
-258.4
-254.599
-250.797
-246.995
-243.194
-239.393
-235.593
-231.796
-228.001
-224.209
-220.42
-216.635
-212.854
-209.078
-205.307
-201.542
-197.782
-194.028
-190.281
-186.54
-182.806
-179.08
-175.36
-171.648
-167.944
-164.248
-160.559
-156.878
-153.206
-149.541
-145.885
-142.237
-138.597
-134.965
-131.342
-127.726
-124.119
-120.52
-116.928
-113.345
-109.769
-106.2
-102.64
-99.0862
-95.5399
-92.0006
-88.4682
-84.9425
-81.4232
-77.9101
-74.4031
-70.902
-67.4065
-63.9163
-60.4313
-56.9512
-53.4758
-50.0047
-46.5378
-43.0748
-39.6154
-36.1593
-32.7063
-29.256
-25.8082
-22.3627
-18.919
-15.477
-12.0363
-8.59658
-5.15765
-1.71917
-366.062
-362.704
-359.028
-355.183
-351.262
-347.316
-343.372
-339.44
-335.524
-331.626
-327.744
-323.875
-320.017
-316.168
-312.325
-308.487
-304.652
-300.819
-296.987
-293.156
-289.325
-285.493
-281.661
-277.829
-273.996
-270.163
-266.33
-262.497
-258.665
-254.833
-251.003
-247.175
-243.349
-239.526
-235.705
-231.888
-228.075
-224.266
-220.462
-216.663
-212.869
-209.08
-205.298
-201.522
-197.752
-193.99
-190.234
-186.486
-182.745
-179.012
-175.287
-171.57
-167.861
-164.161
-160.468
-156.785
-153.109
-149.442
-145.784
-142.134
-138.493
-134.861
-131.236
-127.621
-124.013
-120.414
-116.823
-113.24
-109.665
-106.098
-102.539
-98.9873
-95.4428
-91.9056
-88.3753
-84.8519
-81.3352
-77.8248
-74.3207
-70.8225
-67.33
-63.8431
-60.3614
-56.8848
-53.4129
-49.9455
-46.4823
-43.0231
-39.5675
-36.1154
-32.6663
-29.2201
-25.7764
-22.335
-18.8956
-15.4577
-12.0213
-8.58587
-5.15122
-1.71702
-371.971
-367.84
-363.451
-359.003
-354.585
-350.231
-345.948
-341.731
-337.573
-333.466
-329.401
-325.372
-321.372
-317.396
-313.439
-309.498
-305.571
-301.654
-297.745
-293.844
-289.949
-286.059
-282.172
-278.29
-274.412
-270.536
-266.664
-262.795
-258.929
-255.067
-251.208
-247.353
-243.502
-239.656
-235.814
-231.977
-228.145
-224.319
-220.499
-216.685
-212.877
-209.076
-205.282
-201.496
-197.716
-193.944
-190.18
-186.424
-182.677
-178.937
-175.206
-171.484
-167.77
-164.066
-160.37
-156.683
-153.004
-149.335
-145.675
-142.023
-138.381
-134.747
-131.123
-127.507
-123.899
-120.3
-116.71
-113.128
-109.554
-105.989
-102.431
-98.881
-95.3385
-91.8035
-88.2756
-84.7548
-81.2408
-77.7333
-74.2322
-70.7372
-67.2481
-63.7647
-60.2866
-56.8136
-53.3455
-49.882
-46.4228
-42.9676
-39.5162
-36.0683
-32.6236
-29.1817
-25.7424
-22.3054
-18.8705
-15.4372
-12.0052
-8.5744
-5.14433
-1.71473
-378.5
-373.232
-367.932
-362.792
-357.845
-353.076
-348.457
-343.963
-339.571
-335.263
-331.023
-326.84
-322.703
-318.604
-314.537
-310.497
-306.479
-302.48
-298.496
-294.526
-290.568
-286.619
-282.68
-278.748
-274.824
-270.906
-266.995
-263.089
-259.19
-255.296
-251.408
-247.526
-243.651
-239.781
-235.917
-232.06
-228.21
-224.367
-220.53
-216.701
-212.879
-209.066
-205.26
-201.462
-197.672
-193.891
-190.118
-186.355
-182.6
-178.854
-175.117
-171.389
-167.671
-163.962
-160.262
-156.571
-152.89
-149.219
-145.556
-141.904
-138.26
-134.625
-131
-127.384
-123.777
-120.178
-116.589
-113.008
-109.435
-105.871
-102.315
-98.7671
-95.2268
-91.6942
-88.1689
-84.6509
-81.1398
-77.6355
-74.1376
-70.6461
-67.1606
-63.6808
-60.2066
-56.7375
-53.2735
-49.8142
-46.3592
-42.9084
-39.4615
-36.0181
-32.5779
-29.1407
-25.7061
-22.2739
-18.8437
-15.4152
-11.9881
-8.56216
-5.13698
-1.71228
-385.678
-378.657
-372.253
-366.387
-360.927
-355.769
-350.842
-346.093
-341.486
-336.991
-332.588
-328.261
-323.995
-319.78
-315.609
-311.473
-307.369
-303.29
-299.234
-295.197
-291.176
-287.171
-283.179
-279.199
-275.229
-271.269
-267.319
-263.378
-259.445
-255.52
-251.603
-247.694
-243.793
-239.9
-236.014
-232.137
-228.268
-224.407
-220.554
-216.71
-212.874
-209.047
-205.229
-201.42
-197.62
-193.829
-190.048
-186.276
-182.514
-178.761
-175.018
-171.285
-167.562
-163.848
-160.145
-156.451
-152.767
-149.093
-145.429
-141.774
-138.13
-134.494
-130.869
-127.252
-123.645
-120.048
-116.459
-112.879
-109.308
-105.745
-102.191
-98.6454
-95.1075
-91.5775
-88.055
-84.54
-81.0321
-77.5311
-74.0368
-70.5489
-67.0672
-63.5915
-60.1213
-56.6565
-53.1968
-49.7419
-46.2916
-42.8454
-39.4032
-35.9646
-32.5293
-29.097
-25.6674
-22.2403
-18.8152
-15.3918
-11.9699
-8.54914
-5.12916
-1.70967
-392.83
-383.466
-376.036
-369.578
-363.706
-358.233
-353.048
-348.082
-343.287
-338.628
-334.079
-329.62
-325.236
-320.914
-316.644
-312.419
-308.232
-304.078
-299.952
-295.85
-291.77
-287.71
-283.666
-279.638
-275.624
-271.624
-267.635
-263.658
-259.691
-255.736
-251.79
-247.854
-243.927
-240.011
-236.103
-232.206
-228.317
-224.439
-220.569
-216.71
-212.86
-209.019
-205.189
-201.369
-197.558
-193.758
-189.968
-186.188
-182.418
-178.659
-174.91
-171.171
-167.443
-163.725
-160.018
-156.321
-152.634
-148.958
-145.292
-141.636
-137.99
-134.354
-130.728
-127.111
-123.505
-119.908
-116.32
-112.741
-109.172
-105.611
-102.059
-98.5157
-94.9804
-91.4532
-87.9337
-84.4219
-80.9174
-77.4201
-73.9295
-70.4456
-66.968
-63.4965
-60.0307
-56.5704
-53.1153
-49.6652
-46.2197
-42.7785
-39.3413
-35.9078
-32.4777
-29.0507
-25.6264
-22.2046
-18.7849
-15.367
-11.9506
-8.53531
-5.12086
-1.7069
-395.008
-386.34
-378.848
-372.181
-366.088
-360.408
-355.036
-349.901
-344.953
-340.155
-335.479
-330.904
-326.414
-321.994
-317.635
-313.327
-309.063
-304.837
-300.645
-296.482
-292.345
-288.231
-284.138
-280.064
-276.007
-271.966
-267.939
-263.927
-259.928
-255.941
-251.967
-248.004
-244.052
-240.112
-236.183
-232.265
-228.357
-224.461
-220.575
-216.7
-212.835
-208.982
-205.139
-201.307
-197.486
-193.676
-189.877
-186.089
-182.312
-178.546
-174.791
-171.047
-167.314
-163.592
-159.88
-156.18
-152.491
-148.812
-145.144
-141.487
-137.84
-134.203
-130.577
-126.961
-123.355
-119.758
-116.172
-112.595
-109.027
-105.468
-101.919
-98.3777
-94.8452
-91.321
-87.8049
-84.2965
-80.7957
-77.3022
-73.8157
-70.336
-66.8627
-63.3957
-59.9346
-56.4791
-53.029
-49.5838
-46.1435
-42.7075
-39.2756
-35.8476
-32.423
-29.0015
-25.5829
-22.1668
-18.7528
-15.3407
-11.9301
-8.52066
-5.11206
-1.70397
-395.871
-388.037
-380.834
-374.21
-368.056
-362.274
-356.786
-351.532
-346.468
-341.559
-336.778
-332.105
-327.522
-323.015
-318.575
-314.191
-309.856
-305.564
-301.309
-297.088
-292.897
-288.732
-284.591
-280.472
-276.373
-272.293
-268.23
-264.183
-260.152
-256.135
-252.132
-248.142
-244.166
-240.203
-236.252
-232.313
-228.387
-224.472
-220.57
-216.679
-212.801
-208.934
-205.079
-201.235
-197.404
-193.584
-189.776
-185.98
-182.195
-178.422
-174.661
-170.912
-167.174
-163.447
-159.732
-156.029
-152.337
-148.656
-144.986
-141.327
-137.679
-134.042
-130.416
-126.8
-123.195
-119.6
-116.014
-112.439
-108.873
-105.317
-101.769
-98.2313
-94.7018
-91.1809
-87.6682
-84.1635
-80.6666
-77.1772
-73.6951
-70.2198
-66.7512
-63.289
-59.8328
-56.3824
-52.9375
-49.4978
-46.0628
-42.6324
-39.2062
-35.7839
-32.3651
-28.9496
-25.5369
-22.1268
-18.7189
-15.3129
-11.9084
-8.50518
-5.10276
-1.70086
-396.31
-389.102
-382.243
-375.769
-369.653
-363.847
-358.302
-352.974
-347.828
-342.835
-337.97
-333.214
-328.552
-323.97
-319.458
-315.005
-310.606
-306.252
-301.94
-297.665
-293.422
-289.209
-285.022
-280.861
-276.721
-272.603
-268.504
-264.424
-260.361
-256.314
-252.284
-248.268
-244.267
-240.281
-236.308
-232.349
-228.404
-224.472
-220.553
-216.647
-212.754
-208.874
-205.006
-201.152
-197.309
-193.48
-189.663
-185.858
-182.066
-178.287
-174.52
-170.765
-167.022
-163.291
-159.573
-155.866
-152.171
-148.488
-144.817
-141.157
-137.508
-133.871
-130.245
-126.629
-123.025
-119.431
-115.847
-112.273
-108.71
-105.156
-101.611
-98.076
-94.5499
-91.0324
-87.5235
-84.0228
-80.5301
-77.0451
-73.5675
-70.097
-66.6333
-63.1762
-59.7253
-56.2803
-52.8409
-49.4068
-45.9777
-42.5531
-39.1329
-35.7167
-32.3041
-28.8947
-25.4884
-22.0846
-18.6831
-15.2836
-11.8856
-8.48883
-5.09295
-1.69759
-396.578
-389.818
-383.265
-376.97
-370.941
-365.16
-359.6
-354.234
-349.036
-343.982
-339.053
-334.231
-329.503
-324.856
-320.28
-315.767
-311.309
-306.9
-302.534
-298.208
-293.917
-289.659
-285.429
-281.226
-277.048
-272.894
-268.76
-264.647
-260.554
-256.478
-252.42
-248.379
-244.354
-240.345
-236.351
-232.372
-228.408
-224.458
-220.523
-216.602
-212.694
-208.801
-204.921
-201.055
-197.202
-193.363
-189.537
-185.725
-181.925
-178.139
-174.366
-170.605
-166.858
-163.123
-159.401
-155.691
-151.994
-148.309
-144.636
-140.975
-137.326
-133.688
-130.062
-126.448
-122.844
-119.251
-115.669
-112.098
-108.537
-104.985
-101.444
-97.9118
-94.3891
-90.8755
-87.3706
-83.8741
-80.3859
-76.9055
-73.4328
-69.9674
-66.509
-63.0572
-59.6119
-56.1726
-52.7391
-49.3109
-45.8879
-42.4696
-39.0557
-35.6458
-32.2397
-28.8369
-25.4372
-22.0402
-18.6454
-15.2527
-11.8615
-8.47162
-5.08261
-1.69414
-396.76
-390.329
-384.029
-377.906
-371.98
-366.25
-360.704
-355.326
-350.099
-345.004
-340.028
-335.154
-330.372
-325.671
-321.04
-316.474
-311.963
-307.504
-303.09
-298.716
-294.381
-290.079
-285.809
-281.567
-277.352
-273.162
-268.996
-264.852
-260.728
-256.624
-252.54
-248.473
-244.425
-240.393
-236.378
-232.38
-228.397
-224.43
-220.479
-216.542
-212.621
-208.714
-204.822
-200.945
-197.082
-193.233
-189.399
-185.578
-181.771
-177.978
-174.199
-170.433
-166.681
-162.942
-159.217
-155.504
-151.805
-148.118
-144.443
-140.782
-137.132
-133.494
-129.869
-126.255
-122.653
-119.061
-115.481
-111.912
-108.353
-104.805
-101.267
-97.7383
-94.2194
-90.7098
-87.2092
-83.7172
-80.2338
-76.7584
-73.2908
-69.8307
-66.3779
-62.9319
-59.4924
-56.0592
-52.6318
-49.21
-45.7933
-42.3816
-38.9743
-35.5712
-32.172
-28.7761
-25.3834
-21.9934
-18.6058
-15.2201
-11.8362
-8.4535
-5.07173
-1.69052
-396.893
-390.709
-384.614
-378.645
-372.824
-367.156
-361.641
-356.269
-351.029
-345.91
-340.899
-335.986
-331.161
-326.414
-321.737
-317.124
-312.567
-308.062
-303.603
-299.187
-294.81
-290.468
-286.16
-281.881
-277.631
-273.408
-269.21
-265.035
-260.882
-256.751
-252.641
-248.55
-244.478
-240.425
-236.39
-232.372
-228.371
-224.387
-220.42
-216.468
-212.533
-208.613
-204.709
-200.821
-196.947
-193.089
-189.246
-185.417
-181.603
-177.804
-174.019
-170.248
-166.491
-162.749
-159.02
-155.304
-151.602
-147.914
-144.238
-140.576
-136.926
-133.289
-129.664
-126.051
-122.45
-118.86
-115.283
-111.716
-108.16
-104.615
-101.08
-97.5552
-94.0404
-90.5351
-87.039
-83.5519
-80.0735
-76.6034
-73.1413
-69.6869
-66.2399
-62.8
-59.3667
-55.9398
-52.519
-49.1038
-45.6939
-42.2891
-38.8888
-35.4928
-32.1008
-28.7122
-25.3268
-21.9442
-18.5641
-15.186
-11.8096
-8.43447
-5.06031
-1.68671
-396.993
-391.002
-385.073
-379.237
-373.513
-367.911
-362.434
-357.078
-351.838
-346.706
-341.673
-336.731
-331.871
-327.087
-322.371
-317.717
-313.12
-308.574
-304.075
-299.619
-295.204
-290.825
-286.48
-282.167
-277.884
-273.629
-269.4
-265.196
-261.016
-256.858
-252.723
-248.608
-244.514
-240.439
-236.384
-232.347
-228.328
-224.327
-220.344
-216.378
-212.429
-208.497
-204.581
-200.681
-196.798
-192.93
-189.078
-185.242
-181.421
-177.615
-173.824
-170.049
-166.287
-162.541
-158.809
-155.091
-151.387
-147.697
-144.02
-140.357
-136.707
-133.07
-129.446
-125.835
-122.235
-118.648
-115.073
-111.509
-107.956
-104.414
-100.883
-97.3624
-93.8518
-90.3511
-86.86
-83.378
-79.9049
-76.4404
-72.9841
-69.5357
-66.0949
-62.6613
-59.2346
-55.8145
-52.4005
-48.9923
-45.5896
-42.192
-38.7991
-35.4106
-32.026
-28.6451
-25.2675
-21.8927
-18.5203
-15.1501
-11.7816
-8.4145
-5.04831
-1.68271
-397.072
-391.233
-385.44
-379.716
-374.08
-368.541
-363.106
-357.773
-352.54
-347.403
-342.356
-337.392
-332.506
-327.691
-322.942
-318.254
-313.62
-309.038
-304.503
-300.012
-295.561
-291.147
-286.769
-282.423
-278.108
-273.823
-269.565
-265.333
-261.126
-256.943
-252.783
-248.646
-244.529
-240.434
-236.359
-232.303
-228.267
-224.25
-220.251
-216.271
-212.308
-208.363
-204.436
-200.525
-196.632
-192.755
-188.895
-185.051
-181.223
-177.411
-173.615
-169.834
-166.069
-162.319
-158.584
-154.863
-151.158
-147.466
-143.789
-140.125
-136.476
-132.839
-129.216
-125.606
-122.009
-118.424
-114.851
-111.29
-107.741
-104.203
-100.676
-97.1593
-93.6535
-90.1577
-86.6717
-83.1952
-79.7278
-76.2691
-72.819
-69.377
-65.9427
-62.5158
-59.096
-55.6829
-52.2761
-48.8753
-45.4801
-42.0901
-38.705
-35.3243
-31.9477
-28.5748
-25.2052
-21.8386
-18.4745
-15.1125
-11.7524
-8.39357
-5.03575
-1.67852
-397.135
-391.418
-385.736
-380.108
-374.549
-369.069
-363.674
-358.367
-353.146
-348.01
-342.955
-337.977
-333.07
-328.23
-323.454
-318.735
-314.07
-309.456
-304.888
-300.364
-295.88
-291.435
-287.025
-282.648
-278.304
-273.989
-269.704
-265.445
-261.212
-257.005
-252.822
-248.662
-244.524
-240.409
-236.314
-232.241
-228.188
-224.154
-220.141
-216.146
-212.17
-208.213
-204.274
-200.353
-196.45
-192.564
-188.695
-184.844
-181.009
-177.191
-173.39
-169.605
-165.835
-162.082
-158.344
-154.621
-150.914
-147.221
-143.544
-139.88
-136.231
-132.595
-128.974
-125.365
-121.77
-118.187
-114.618
-111.06
-107.514
-103.98
-100.458
-96.9459
-93.445
-89.9544
-86.474
-83.0032
-79.5418
-76.0895
-72.6458
-69.2104
-65.783
-62.3633
-58.9507
-55.545
-52.1458
-48.7528
-45.3654
-41.9834
-38.6064
-35.2339
-31.8656
-28.5011
-25.1401
-21.782
-18.4265
-15.0732
-11.7217
-8.37166
-5.02259
-1.67413
-397.186
-391.569
-385.978
-380.43
-374.938
-369.511
-364.156
-358.874
-353.668
-348.537
-343.478
-338.489
-333.566
-328.707
-323.907
-319.162
-314.47
-309.826
-305.229
-300.675
-296.161
-291.686
-287.247
-282.842
-278.469
-274.127
-269.815
-265.531
-261.274
-257.043
-252.837
-248.655
-244.497
-240.362
-236.249
-232.158
-228.088
-224.039
-220.01
-216.002
-212.013
-208.044
-204.094
-200.162
-196.25
-192.355
-188.479
-184.62
-180.779
-176.955
-173.149
-169.359
-165.586
-161.829
-158.089
-154.364
-150.656
-146.962
-143.284
-139.621
-135.972
-132.338
-128.717
-125.111
-121.518
-117.939
-114.372
-110.818
-107.276
-103.746
-100.228
-96.7218
-93.2261
-89.7411
-86.2665
-82.8019
-79.3468
-75.9011
-72.4642
-69.0359
-65.6158
-62.2035
-58.7986
-55.4007
-52.0094
-48.6245
-45.2454
-41.8718
-38.5032
-35.1394
-31.7798
-28.4241
-25.0719
-21.7227
-18.3763
-15.0321
-11.6897
-8.34874
-5.00883
-1.66954
-397.228
-391.692
-386.177
-380.697
-375.263
-369.883
-364.562
-359.306
-354.115
-348.99
-343.931
-338.935
-334
-329.124
-324.304
-319.537
-314.82
-310.151
-305.527
-300.946
-296.405
-291.902
-287.435
-283.003
-278.604
-274.236
-269.899
-265.59
-261.309
-257.055
-252.828
-248.625
-244.447
-240.293
-236.162
-232.054
-227.968
-223.903
-219.86
-215.838
-211.837
-207.856
-203.895
-199.954
-196.031
-192.128
-188.244
-184.379
-180.531
-176.702
-172.891
-169.097
-165.32
-161.561
-157.818
-154.092
-150.382
-146.688
-143.009
-139.346
-135.699
-132.066
-128.447
-124.843
-121.253
-117.677
-114.114
-110.563
-107.026
-103.501
-99.988
-96.4866
-92.9966
-89.5175
-86.0491
-82.5909
-79.1426
-75.7038
-72.2741
-68.8533
-65.4408
-62.0363
-58.6394
-55.2497
-51.8668
-48.4903
-45.1199
-41.755
-38.3954
-35.0405
-31.6901
-28.3436
-25.0007
-21.6609
-18.3238
-14.9891
-11.6562
-8.3248
-4.99446
-1.66475
-397.262
-391.793
-386.342
-380.919
-375.534
-370.194
-364.906
-359.672
-354.496
-349.379
-344.32
-339.319
-334.375
-329.485
-324.648
-319.861
-315.123
-310.431
-305.783
-301.176
-296.609
-292.081
-287.589
-283.131
-278.707
-274.314
-269.953
-265.621
-261.318
-257.042
-252.793
-248.571
-244.373
-240.201
-236.052
-231.927
-227.825
-223.746
-219.689
-215.654
-211.641
-207.648
-203.676
-199.725
-195.794
-191.883
-187.991
-184.119
-180.266
-176.431
-172.615
-168.817
-165.037
-161.275
-157.53
-153.803
-150.092
-146.397
-142.719
-139.057
-135.41
-131.779
-128.163
-124.562
-120.974
-117.401
-113.842
-110.296
-106.764
-103.244
-99.7358
-96.2401
-92.756
-89.2833
-85.8214
-82.37
-78.9288
-75.4974
-72.0753
-68.6622
-65.2577
-61.8614
-58.4729
-55.0918
-51.7177
-48.3501
-44.9887
-41.6331
-38.2827
-34.9373
-31.5964
-28.2595
-24.9263
-21.5963
-18.269
-14.9442
-11.6212
-8.29981
-4.97945
-1.65975
-397.291
-391.877
-386.478
-381.102
-375.759
-370.454
-365.194
-359.981
-354.819
-349.709
-344.652
-339.647
-334.695
-329.794
-324.942
-320.138
-315.38
-310.667
-305.996
-301.367
-296.776
-292.224
-287.707
-283.226
-278.778
-274.362
-269.978
-265.624
-261.299
-257.002
-252.733
-248.491
-244.275
-240.084
-235.919
-231.778
-227.66
-223.567
-219.496
-215.449
-211.423
-207.419
-203.437
-199.477
-195.537
-191.618
-187.719
-183.84
-179.981
-176.142
-172.321
-168.52
-164.737
-160.972
-157.226
-153.497
-149.785
-146.091
-142.413
-138.752
-135.107
-131.478
-127.864
-124.265
-120.682
-117.113
-113.558
-110.016
-106.488
-102.974
-99.4717
-95.982
-92.5043
-89.0381
-85.5831
-82.139
-78.7053
-75.2816
-71.8675
-68.4626
-65.0665
-61.6788
-58.2991
-54.927
-51.562
-48.2038
-44.8519
-41.5058
-38.1652
-34.8296
-31.4986
-28.1718
-24.8487
-21.5289
-18.2119
-14.8973
-11.5848
-8.27374
-4.9638
-1.65453
-397.314
-391.945
-386.59
-381.254
-375.946
-370.671
-365.434
-360.239
-355.089
-349.986
-344.93
-339.923
-334.964
-330.052
-325.187
-320.368
-315.592
-310.86
-306.169
-301.518
-296.905
-292.33
-287.791
-283.287
-278.817
-274.379
-269.972
-265.597
-261.251
-256.934
-252.646
-248.385
-244.15
-239.943
-235.761
-231.604
-227.472
-223.364
-219.281
-215.221
-211.184
-207.169
-203.177
-199.207
-195.259
-191.332
-187.427
-183.542
-179.677
-175.833
-172.009
-168.204
-164.418
-160.651
-156.903
-153.173
-149.462
-145.767
-142.091
-138.431
-134.787
-131.161
-127.55
-123.954
-120.375
-116.809
-113.259
-109.723
-106.2
-102.691
-99.1952
-95.7119
-92.2409
-88.7818
-85.3341
-81.8976
-78.4717
-75.0561
-71.6504
-68.2541
-64.8669
-61.4882
-58.1178
-54.7551
-51.3997
-48.0512
-44.7091
-41.3731
-38.0426
-34.7173
-31.3967
-28.0803
-24.7678
-21.4586
-18.1523
-14.8485
-11.5468
-8.24657
-4.94749
-1.64909
-397.333
-392.002
-386.681
-381.378
-376.099
-370.849
-365.632
-360.452
-355.313
-350.215
-345.161
-340.151
-335.186
-330.265
-325.388
-320.554
-315.762
-311.012
-306.301
-301.63
-296.997
-292.401
-287.84
-283.315
-278.823
-274.364
-269.936
-265.54
-261.174
-256.838
-252.531
-248.252
-244
-239.776
-235.578
-231.406
-227.259
-223.138
-219.042
-214.97
-210.921
-206.896
-202.895
-198.916
-194.96
-191.026
-187.114
-183.223
-179.353
-175.505
-171.677
-167.869
-164.08
-160.312
-156.563
-152.832
-149.12
-145.427
-141.751
-138.093
-134.452
-130.828
-127.22
-123.628
-120.052
-116.492
-112.946
-109.415
-105.899
-102.396
-98.906
-95.4295
-91.9656
-88.5139
-85.074
-81.6455
-78.2279
-74.8208
-71.4239
-68.0367
-64.6587
-61.2895
-57.9287
-54.5758
-51.2304
-47.8921
-44.5603
-41.2348
-37.9149
-34.6003
-31.2905
-27.9851
-24.6835
-21.3854
-18.0903
-14.7977
-11.5072
-8.21827
-4.93051
-1.64343
-397.348
-392.047
-386.756
-381.479
-376.224
-370.993
-365.793
-360.625
-355.494
-350.401
-345.347
-340.335
-335.363
-330.433
-325.545
-320.697
-315.89
-311.123
-306.395
-301.705
-297.052
-292.436
-287.855
-283.308
-278.796
-274.317
-269.869
-265.453
-261.068
-256.713
-252.388
-248.091
-243.822
-239.582
-235.368
-231.182
-227.022
-222.887
-218.778
-214.695
-210.635
-206.601
-202.59
-198.603
-194.639
-190.698
-186.779
-182.883
-179.008
-175.156
-171.324
-167.513
-163.723
-159.953
-156.203
-152.472
-148.761
-145.068
-141.394
-137.738
-134.099
-130.478
-126.874
-123.286
-119.715
-116.159
-112.619
-109.094
-105.583
-102.087
-98.6039
-95.1345
-91.6781
-88.2343
-84.8025
-81.3824
-77.9735
-74.5755
-71.1877
-67.8099
-64.4416
-61.0823
-57.7316
-54.389
-51.0541
-47.7264
-44.4054
-41.0908
-37.782
-34.4785
-31.18
-27.8859
-24.5958
-21.3093
-18.0258
-14.7448
-11.466
-8.18883
-4.91283
-1.63753
-397.36
-392.083
-386.815
-381.56
-376.323
-371.108
-365.921
-360.763
-355.637
-350.547
-345.493
-340.477
-335.499
-330.56
-325.661
-320.8
-315.979
-311.196
-306.45
-301.742
-297.071
-292.435
-287.834
-283.269
-278.736
-274.237
-269.771
-265.336
-260.932
-256.559
-252.216
-247.902
-243.617
-239.361
-235.132
-230.932
-226.758
-222.611
-218.49
-214.395
-210.325
-206.281
-202.261
-198.266
-194.294
-190.347
-186.422
-182.521
-178.642
-174.785
-170.951
-167.138
-163.346
-159.575
-155.824
-152.094
-148.383
-144.691
-141.019
-137.365
-133.73
-130.112
-126.511
-122.928
-119.362
-115.811
-112.277
-108.757
-105.253
-101.764
-98.2883
-94.8266
-91.3781
-87.9425
-84.5193
-81.1081
-77.7084
-74.3197
-70.9416
-67.5737
-64.2155
-60.8666
-57.5264
-54.1945
-50.8705
-47.5539
-44.2442
-40.9409
-37.6436
-34.3518
-31.065
-27.7828
-24.5046
-21.2301
-17.9586
-14.6898
-11.4232
-8.15821
-4.89445
-1.6314
-397.37
-392.111
-386.861
-381.622
-376.399
-371.197
-366.018
-360.867
-355.746
-350.657
-345.601
-340.58
-335.596
-330.648
-325.738
-320.865
-316.029
-311.23
-306.468
-301.743
-297.053
-292.399
-287.78
-283.195
-278.644
-274.126
-269.64
-265.187
-260.765
-256.374
-252.014
-247.684
-243.383
-239.112
-234.869
-230.654
-226.467
-222.308
-218.175
-214.07
-209.99
-205.936
-201.908
-197.905
-193.926
-189.972
-186.043
-182.136
-178.253
-174.393
-170.556
-166.741
-162.947
-159.176
-155.425
-151.695
-147.985
-144.295
-140.625
-136.974
-133.342
-129.728
-126.132
-122.553
-118.992
-115.447
-111.919
-108.406
-104.909
-101.427
-97.9591
-94.5054
-91.0653
-87.6384
-84.2242
-80.8223
-77.4321
-74.0533
-70.6854
-67.3279
-63.9802
-60.6421
-57.3129
-53.9922
-50.6796
-47.3745
-44.0765
-40.7851
-37.4998
-34.2201
-30.9455
-27.6756
-24.4098
-21.1478
-17.8889
-14.6327
-11.3787
-8.12639
-4.87535
-1.62503
-397.377
-392.132
-386.894
-381.667
-376.455
-371.261
-366.089
-360.942
-355.822
-350.732
-345.674
-340.648
-335.656
-330.699
-325.778
-320.892
-316.042
-311.228
-306.45
-301.708
-297
-292.328
-287.691
-283.087
-278.518
-273.981
-269.478
-265.007
-260.567
-256.16
-251.783
-247.437
-243.121
-238.834
-234.577
-230.349
-226.15
-221.978
-217.835
-213.718
-209.629
-205.566
-201.53
-197.519
-193.534
-189.574
-185.639
-181.728
-177.842
-173.979
-170.139
-166.322
-162.528
-158.755
-155.005
-151.276
-147.568
-143.88
-140.212
-136.564
-132.936
-129.326
-125.735
-122.162
-118.606
-115.067
-111.545
-108.04
-104.55
-101.075
-97.6158
-94.1706
-90.7393
-87.3216
-83.9168
-80.5247
-77.1446
-73.7761
-70.4187
-67.072
-63.7355
-60.4086
-57.0909
-53.7819
-50.4811
-47.1881
-43.9023
-40.6232
-37.3503
-34.0832
-30.8213
-27.5642
-24.3114
-21.0622
-17.8164
-14.5733
-11.3324
-8.09335
-4.85551
-1.61842
-397.389
-392.168
-386.952
-381.744
-376.548
-371.367
-366.204
-361.06
-355.94
-350.843
-345.773
-340.732
-335.719
-330.738
-325.788
-320.87
-315.985
-311.133
-306.315
-301.531
-296.781
-292.065
-287.383
-282.734
-278.12
-273.539
-268.991
-264.476
-259.994
-255.545
-251.128
-246.743
-242.389
-238.067
-233.776
-229.515
-225.285
-221.085
-216.914
-212.772
-208.66
-204.575
-200.519
-196.491
-192.49
-188.517
-184.569
-180.649
-176.753
-172.884
-169.039
-165.219
-161.423
-157.651
-153.902
-150.176
-146.472
-142.791
-139.131
-135.492
-131.874
-128.276
-124.697
-121.138
-117.597
-114.075
-110.571
-107.084
-103.614
-100.16
-96.7214
-93.2986
-89.8906
-86.4969
-83.117
-79.7505
-76.3967
-73.0552
-69.7255
-66.4071
-63.0994
-59.8019
-56.5141
-53.2356
-49.9657
-46.7039
-43.4498
-40.2027
-36.9623
-33.7279
-30.499
-27.2752
-24.0558
-20.8403
-17.6283
-14.4192
-11.2125
-8.0076
-4.80404
-1.60126
-397.38
-392.142
-386.908
-381.681
-376.463
-371.257
-366.065
-360.89
-355.733
-350.597
-345.484
-340.395
-335.331
-330.295
-325.287
-320.308
-315.36
-310.443
-305.558
-300.705
-295.886
-291.1
-286.348
-281.63
-276.946
-272.297
-267.682
-263.102
-258.557
-254.046
-249.569
-245.126
-240.718
-236.344
-232.003
-227.696
-223.422
-219.181
-214.973
-210.797
-206.652
-202.54
-198.459
-194.408
-190.388
-186.399
-182.439
-178.508
-174.605
-170.732
-166.886
-163.067
-159.275
-155.51
-151.771
-148.057
-144.368
-140.704
-137.063
-133.446
-129.852
-126.279
-122.729
-119.2
-115.692
-112.204
-108.735
-105.285
-101.854
-98.4411
-95.0453
-91.6663
-88.3035
-84.9564
-81.6244
-78.307
-75.0035
-71.7134
-68.4362
-65.1713
-61.918
-58.6759
-55.4443
-52.2227
-49.0105
-45.8072
-42.6121
-39.4248
-36.2446
-33.0709
-29.9032
-26.741
-23.5836
-20.4305
-17.281
-14.1348
-10.991
-7.84932
-4.70902
-1.56958
-397.35
-392.052
-386.757
-381.468
-376.188
-370.919
-365.662
-360.42
-355.196
-349.991
-344.807
-339.646
-334.509
-329.398
-324.314
-319.26
-314.235
-309.241
-304.279
-299.35
-294.455
-289.593
-284.767
-279.976
-275.222
-270.503
-265.821
-261.176
-256.567
-251.996
-247.462
-242.964
-238.504
-234.081
-229.695
-225.345
-221.032
-216.755
-212.514
-208.309
-204.139
-200.004
-195.904
-191.838
-187.805
-183.806
-179.84
-175.906
-172.004
-168.134
-164.294
-160.485
-156.705
-152.955
-149.233
-145.539
-141.873
-138.234
-134.621
-131.034
-127.472
-123.935
-120.421
-116.931
-113.464
-110.018
-106.594
-103.191
-99.8082
-96.4448
-93.1003
-89.7741
-86.4656
-83.1741
-79.8991
-76.6399
-73.3958
-70.1662
-66.9506
-63.7483
-60.5586
-57.3809
-54.2147
-51.0592
-47.9139
-44.7781
-41.6513
-38.5328
-35.4219
-32.3181
-29.2208
-26.1293
-23.043
-19.9613
-16.8836
-13.8092
-10.7377
-7.66822
-4.60032
-1.53334
-397.301
-391.903
-386.509
-381.121
-375.742
-370.373
-365.017
-359.676
-354.352
-349.048
-343.765
-338.506
-333.271
-328.063
-322.883
-317.733
-312.614
-307.528
-302.475
-297.457
-292.474
-287.528
-282.62
-277.749
-272.917
-268.124
-263.371
-258.658
-253.985
-249.352
-244.76
-240.209
-235.699
-231.229
-226.8
-222.411
-218.063
-213.754
-209.486
-205.257
-201.067
-196.915
-192.802
-188.727
-184.689
-180.688
-176.723
-172.794
-168.901
-165.042
-161.217
-157.425
-153.667
-149.94
-146.245
-142.581
-138.947
-135.343
-131.768
-128.221
-124.701
-121.208
-117.741
-114.3
-110.883
-107.49
-104.121
-100.774
-97.4491
-94.1455
-90.8624
-87.5991
-84.3549
-81.1292
-77.9211
-74.7301
-71.5555
-68.3965
-65.2525
-62.1227
-59.0066
-55.9034
-52.8125
-49.7331
-46.6646
-43.6063
-40.5576
-37.5178
-34.4862
-31.4621
-28.445
-25.4341
-22.4287
-19.4283
-16.4321
-13.4396
-10.45
-7.46262
-4.47692
-1.4922
-397.232
-391.697
-386.165
-380.64
-375.125
-369.62
-364.129
-358.655
-353.199
-347.765
-342.353
-336.966
-331.606
-326.276
-320.976
-315.708
-310.475
-305.277
-300.116
-294.993
-289.909
-284.866
-279.864
-274.903
-269.986
-265.112
-260.282
-255.496
-250.755
-246.059
-241.408
-236.803
-232.242
-227.727
-223.258
-218.833
-214.453
-210.117
-205.826
-201.579
-197.375
-193.213
-189.095
-185.018
-180.983
-176.988
-173.034
-169.119
-165.243
-161.405
-157.605
-153.841
-150.114
-146.421
-142.764
-139.14
-135.549
-131.99
-128.463
-124.967
-121.5
-118.063
-114.654
-111.272
-107.918
-104.589
-101.285
-98.0062
-94.7507
-91.518
-88.3074
-85.1182
-81.9495
-78.8005
-75.6706
-72.5589
-69.4647
-66.3872
-63.3258
-60.2796
-57.2479
-54.23
-51.2251
-48.2326
-45.2517
-42.2816
-39.3217
-36.3713
-33.4296
-30.4959
-27.5695
-24.6497
-21.7359
-18.8272
-15.9231
-13.0228
-10.1256
-7.23085
-4.33782
-1.44582
-397.142
-391.428
-385.719
-380.016
-374.324
-368.645
-362.982
-357.337
-351.713
-346.113
-340.539
-334.993
-329.478
-323.996
-318.549
-313.139
-307.768
-302.436
-297.147
-291.901
-286.7
-281.544
-276.435
-271.373
-266.361
-261.397
-256.483
-251.619
-246.806
-242.043
-237.331
-232.671
-228.061
-223.503
-218.995
-214.538
-210.13
-205.773
-201.465
-197.206
-192.995
-188.832
-184.717
-180.648
-176.624
-172.646
-168.712
-164.822
-160.974
-157.169
-153.404
-149.68
-145.996
-142.35
-138.741
-135.17
-131.634
-128.134
-124.668
-121.234
-117.834
-114.464
-111.126
-107.817
-104.537
-101.284
-98.0592
-94.8602
-91.6865
-88.5373
-85.4116
-82.3087
-79.2277
-76.1677
-73.128
-70.1076
-67.1059
-64.1219
-61.1549
-58.2041
-55.2686
-52.3477
-49.4406
-46.5466
-43.6647
-40.7944
-37.9347
-35.085
-32.2446
-29.4125
-26.5882
-23.7708
-20.9597
-18.154
-15.353
-12.5561
-9.76247
-6.97137
-4.1821
-1.39391
-397.029
-391.09
-385.156
-379.23
-373.316
-367.418
-361.538
-355.68
-349.848
-344.043
-338.268
-332.528
-326.823
-321.158
-315.533
-309.952
-304.415
-298.926
-293.486
-288.096
-282.759
-277.474
-272.243
-267.068
-261.949
-256.886
-251.881
-246.933
-242.043
-237.212
-232.438
-227.723
-223.066
-218.466
-213.924
-209.439
-205.011
-200.638
-196.321
-192.059
-187.851
-183.697
-179.594
-175.544
-171.544
-167.594
-163.693
-159.84
-156.034
-152.274
-148.559
-144.888
-141.261
-137.675
-134.13
-130.625
-127.159
-123.731
-120.34
-116.984
-113.664
-110.377
-107.123
-103.9
-100.709
-97.5472
-94.4143
-91.3093
-88.2312
-85.179
-82.1519
-79.1488
-76.1689
-73.2112
-70.2749
-67.3591
-64.4628
-61.5852
-58.7255
-55.8827
-53.0561
-50.2447
-47.4479
-44.6646
-41.8941
-39.1357
-36.3885
-33.6516
-30.9244
-28.2059
-25.4955
-22.7924
-20.0957
-17.4048
-14.7188
-12.037
-9.35854
-6.68278
-4.00891
-1.33618
-396.889
-390.669
-384.455
-378.251
-372.063
-365.893
-359.746
-353.625
-347.535
-341.48
-335.461
-329.483
-323.55
-317.663
-311.825
-306.04
-300.309
-294.634
-289.018
-283.462
-277.968
-272.536
-267.169
-261.866
-256.63
-251.46
-246.356
-241.32
-236.351
-231.449
-226.615
-221.847
-217.146
-212.51
-207.94
-203.435
-198.994
-194.617
-190.301
-186.048
-181.854
-177.721
-173.645
-169.627
-165.665
-161.759
-157.906
-154.106
-150.357
-146.659
-143.009
-139.408
-135.854
-132.344
-128.88
-125.458
-122.078
-118.738
-115.439
-112.177
-108.953
-105.764
-102.611
-99.4913
-96.4042
-93.3487
-90.3236
-87.3279
-84.3606
-81.4206
-78.5068
-75.6183
-72.7541
-69.9132
-67.0946
-64.2973
-61.5205
-58.7632
-56.0244
-53.3033
-50.5989
-47.9105
-45.237
-42.5776
-39.9315
-37.2979
-34.6758
-32.0645
-29.4631
-26.8708
-24.2868
-21.7103
-19.1405
-16.5766
-14.0177
-11.4632
-8.91216
-6.36388
-3.81755
-1.27239
-396.714
-390.145
-383.584
-377.037
-370.508
-364.003
-357.526
-351.084
-344.679
-338.317
-332.002
-325.737
-319.527
-313.375
-307.285
-301.258
-295.298
-289.408
-283.588
-277.841
-272.169
-266.573
-261.054
-255.612
-250.249
-244.964
-239.758
-234.631
-229.583
-224.613
-219.722
-214.907
-210.169
-205.507
-200.92
-196.407
-191.966
-187.597
-183.298
-179.068
-174.906
-170.81
-166.779
-162.811
-158.906
-155.061
-151.275
-147.547
-143.875
-140.257
-136.693
-133.181
-129.719
-126.306
-122.94
-119.621
-116.346
-113.114
-109.925
-106.776
-103.666
-100.594
-97.5594
-94.56
-91.5949
-88.6628
-85.7626
-82.8931
-80.0531
-77.2416
-74.4574
-71.6995
-68.9667
-66.258
-63.5724
-60.9089
-58.2664
-55.6441
-53.0408
-50.4557
-47.8878
-45.3362
-42.8
-40.2783
-37.7702
-35.2747
-32.7912
-30.3186
-27.8561
-25.403
-22.9583
-20.5213
-18.091
-15.6668
-13.2478
-10.8331
-8.42205
-6.01376
-3.60746
-1.20236
-396.497
-389.493
-382.5
-375.525
-368.574
-361.653
-354.77
-347.931
-341.14
-334.404
-327.729
-321.118
-314.577
-308.109
-301.719
-295.409
-289.183
-283.042
-276.99
-271.028
-265.158
-259.38
-253.695
-248.105
-242.608
-237.206
-231.898
-226.683
-221.561
-216.53
-211.591
-206.742
-201.981
-197.307
-192.719
-188.214
-183.793
-179.452
-175.19
-171.005
-166.896
-162.86
-158.897
-155.003
-151.177
-147.417
-143.722
-140.089
-136.517
-133.004
-129.549
-126.148
-122.802
-119.508
-116.264
-113.069
-109.921
-106.819
-103.761
-100.745
-97.7708
-94.8362
-91.9399
-89.0804
-86.2566
-83.467
-80.7103
-77.9853
-75.2908
-72.6255
-69.9883
-67.378
-64.7934
-62.2335
-59.6972
-57.1834
-54.691
-52.2191
-49.7666
-47.3325
-44.9159
-42.5158
-40.1313
-37.7615
-35.4053
-33.062
-30.7307
-28.4105
-26.1004
-23.7998
-21.5076
-19.2232
-16.9456
-14.674
-12.4077
-10.1457
-7.88739
-5.63186
-3.37832
-1.12597
-396.223
-388.673
-381.138
-373.626
-366.146
-358.708
-351.32
-343.989
-336.724
-329.531
-322.417
-315.388
-308.45
-301.607
-294.864
-288.224
-281.69
-275.266
-268.952
-262.751
-256.664
-250.692
-244.834
-239.09
-233.461
-227.945
-222.542
-217.25
-212.067
-206.992
-202.024
-197.16
-192.398
-187.736
-183.172
-178.703
-174.328
-170.043
-165.846
-161.736
-157.709
-153.763
-149.896
-146.105
-142.388
-138.743
-135.168
-131.659
-128.216
-124.836
-121.516
-118.256
-115.052
-111.903
-108.806
-105.761
-102.766
-99.8173
-96.9148
-94.0564
-91.2404
-88.4654
-85.7297
-83.0319
-80.3704
-77.7439
-75.151
-72.5903
-70.0606
-67.5605
-65.0887
-62.6442
-60.2257
-57.832
-55.462
-53.1146
-50.7887
-48.4834
-46.1974
-43.9299
-41.6799
-39.4463
-37.2283
-35.0248
-32.835
-30.658
-28.4929
-26.3388
-24.1948
-22.0602
-19.9339
-17.8153
-15.7035
-13.5977
-11.497
-9.40073
-7.30799
-5.21802
-3.13002
-1.04321
-395.874
-387.628
-379.401
-371.207
-363.059
-354.967
-346.945
-339.001
-331.148
-323.392
-315.744
-308.211
-300.798
-293.511
-286.356
-279.336
-272.454
-265.712
-259.112
-252.655
-246.34
-240.169
-234.139
-228.25
-222.499
-216.886
-211.408
-206.062
-200.845
-195.755
-190.789
-185.943
-181.215
-176.601
-172.098
-167.702
-163.411
-159.221
-155.128
-151.13
-147.224
-143.406
-139.673
-136.022
-132.452
-128.957
-125.537
-122.188
-118.908
-115.694
-112.543
-109.454
-106.424
-103.451
-100.532
-97.6659
-94.8504
-92.0835
-89.3633
-86.688
-84.0558
-81.465
-78.9139
-76.401
-73.9247
-71.4835
-69.0759
-66.7006
-64.3561
-62.0411
-59.7543
-57.4945
-55.2605
-53.051
-50.865
-48.7013
-46.5588
-44.4365
-42.3333
-40.2482
-38.1802
-36.1284
-34.0917
-32.0694
-30.0604
-28.0639
-26.079
-24.1048
-22.1406
-20.1854
-18.2384
-16.2988
-14.3658
-12.4387
-10.5166
-8.59872
-6.68431
-4.77259
-2.86279
-0.954134
-395.419
-386.266
-377.143
-368.066
-359.055
-350.127
-341.298
-332.582
-323.993
-315.542
-307.241
-299.099
-291.122
-283.317
-275.688
-268.239
-260.973
-253.889
-246.989
-240.271
-233.734
-227.376
-221.194
-215.185
-209.345
-203.671
-198.157
-192.801
-187.596
-182.539
-177.625
-172.849
-168.206
-163.692
-159.302
-155.032
-150.877
-146.833
-142.896
-139.061
-135.324
-131.683
-128.132
-124.668
-121.288
-117.989
-114.767
-111.619
-108.541
-105.532
-102.589
-99.708
-96.8872
-94.1241
-91.4163
-88.7615
-86.1575
-83.6022
-81.0936
-78.6297
-76.2086
-73.8286
-71.4878
-69.1847
-66.9177
-64.685
-62.4854
-60.3172
-58.1792
-56.07
-53.9882
-51.9326
-49.902
-47.8952
-45.9111
-43.9485
-42.0064
-40.0837
-38.1794
-36.2925
-34.4221
-32.5671
-30.7267
-28.9
-27.0861
-25.2841
-23.4932
-21.7126
-19.9414
-18.1788
-16.4241
-14.6765
-12.9351
-11.1993
-9.46829
-7.7413
-6.0176
-4.29646
-2.57715
-0.858928
-394.81
-384.445
-374.125
-363.877
-353.73
-343.708
-333.835
-324.132
-314.616
-305.303
-296.206
-287.335
-278.697
-270.299
-262.143
-254.23
-246.561
-239.134
-231.945
-224.99
-218.266
-211.765
-205.483
-199.412
-193.546
-187.878
-182.4
-177.105
-171.987
-167.038
-162.251
-157.619
-153.137
-148.797
-144.593
-140.52
-136.57
-132.74
-129.024
-125.416
-121.911
-118.505
-115.194
-111.973
-108.838
-105.786
-102.811
-99.9121
-97.0844
-94.3252
-91.6313
-88.9998
-86.428
-83.9131
-81.4526
-79.0442
-76.6854
-74.3742
-72.1083
-69.8859
-67.7048
-65.5633
-63.4597
-61.3922
-59.3592
-57.3592
-55.3906
-53.452
-51.542
-49.6594
-47.8028
-45.9709
-44.1627
-42.3769
-40.6124
-38.8682
-37.1433
-35.4365
-33.7471
-32.0739
-30.416
-28.7727
-27.143
-25.526
-23.9209
-22.327
-20.7434
-19.1693
-17.604
-16.0468
-14.4968
-12.9534
-11.4158
-9.88339
-8.3554
-6.83115
-5.30996
-3.79114
-2.27401
-0.757889
-393.963
-381.915
-369.94
-358.086
-346.396
-334.909
-323.661
-312.68
-301.99
-291.611
-281.555
-271.833
-262.449
-253.405
-244.699
-236.327
-228.284
-220.56
-213.147
-206.034
-199.211
-192.666
-186.388
-180.365
-174.584
-169.036
-163.708
-158.589
-153.67
-148.94
-144.389
-140.008
-135.789
-131.722
-127.8
-124.015
-120.361
-116.83
-113.416
-110.113
-106.915
-103.817
-100.814
-97.9006
-95.0727
-92.326
-89.6563
-87.0599
-84.5332
-82.0727
-79.6752
-77.3377
-75.0572
-72.8311
-70.6567
-68.5316
-66.4535
-64.42
-62.4292
-60.479
-58.5675
-56.6929
-54.8535
-53.0476
-51.2736
-49.5301
-47.8155
-46.1286
-44.468
-42.8325
-41.2207
-39.6317
-38.0642
-36.5171
-34.9895
-33.4803
-31.9886
-30.5135
-29.0539
-27.6092
-26.1783
-24.7605
-23.3551
-21.9611
-20.5779
-19.2048
-17.8409
-16.4856
-15.1382
-13.7981
-12.4645
-11.1368
-9.81431
-8.49647
-7.18262
-5.87212
-4.56437
-3.25875
-1.95464
-0.651446
-392.719
-378.204
-363.825
-349.667
-335.804
-322.301
-309.208
-296.566
-284.403
-272.736
-261.574
-250.918
-240.763
-231.098
-221.908
-213.177
-204.886
-197.015
-189.541
-182.446
-175.706
-169.303
-163.216
-157.426
-151.915
-146.665
-141.661
-136.887
-132.329
-127.973
-123.806
-119.817
-115.995
-112.329
-108.81
-105.429
-102.177
-99.0479
-96.0332
-93.1266
-90.3217
-87.6128
-84.9944
-82.4614
-80.0091
-77.633
-75.329
-73.0932
-70.922
-68.8118
-66.7596
-64.7623
-62.8171
-60.9213
-59.0723
-57.268
-55.5059
-53.7839
-52.1002
-50.4528
-48.8399
-47.2599
-45.711
-44.1919
-42.701
-41.237
-39.7985
-38.3844
-36.9933
-35.6243
-34.276
-32.9477
-31.6381
-30.3464
-29.0716
-27.8129
-26.5694
-25.3402
-24.1246
-22.9218
-21.7311
-20.5517
-19.3829
-18.2241
-17.0746
-15.9337
-14.8009
-13.6755
-12.5569
-11.4445
-10.3378
-9.2361
-8.13896
-7.0458
-5.95606
-4.86922
-3.78473
-2.70207
-1.62072
-0.540154
-390.736
-372.31
-354.181
-336.52
-319.464
-303.116
-287.546
-272.793
-258.873
-245.781
-233.498
-221.996
-211.236
-201.178
-191.778
-182.993
-174.778
-167.093
-159.898
-153.153
-146.825
-140.881
-135.29
-130.024
-125.058
-120.369
-115.934
-111.735
-107.754
-103.974
-100.38
-96.9587
-93.6978
-90.5858
-87.6121
-84.7673
-82.0425
-79.4299
-76.9219
-74.5117
-72.1932
-69.9604
-67.8082
-65.7315
-63.7258
-61.7868
-59.9107
-58.0938
-56.3327
-54.6243
-52.9656
-51.3538
-49.7865
-48.2611
-46.7755
-45.3275
-43.9152
-42.5367
-41.1903
-39.8742
-38.587
-37.3272
-36.0934
-34.8842
-33.6985
-32.535
-31.3927
-30.2704
-29.1672
-28.0821
-27.0141
-25.9625
-24.9262
-23.9047
-22.897
-21.9024
-20.9202
-19.9498
-18.9905
-18.0415
-17.1025
-16.1726
-15.2514
-14.3383
-13.4328
-12.5343
-11.6423
-10.7564
-9.87595
-9.00057
-8.12977
-7.26309
-6.40007
-5.54027
-4.68325
-3.82857
-2.9758
-2.12452
-1.27429
-0.424692
-387.116
-361.661
-337.057
-313.689
-291.795
-271.492
-252.805
-235.697
-220.088
-205.876
-192.947
-181.186
-170.48
-160.723
-151.816
-143.67
-136.204
-129.345
-123.03
-117.201
-111.808
-106.806
-102.156
-97.8239
-93.778
-89.9914
-86.4399
-83.1022
-79.9591
-76.9937
-74.1908
-71.5368
-69.0196
-66.6282
-64.3527
-62.1843
-60.1149
-58.1373
-56.2447
-54.4313
-52.6915
-51.0202
-49.413
-47.8656
-46.3742
-44.9351
-43.5452
-42.2015
-40.9011
-39.6414
-38.4201
-37.2349
-36.0839
-34.965
-33.8764
-32.8165
-31.7838
-30.7767
-29.7939
-28.8341
-27.8961
-26.9787
-26.0809
-25.2016
-24.34
-23.495
-22.6658
-21.8516
-21.0517
-20.2653
-19.4916
-18.7301
-17.9801
-17.241
-16.5122
-15.7932
-15.0833
-14.3822
-13.6893
-13.0041
-12.3261
-11.655
-10.9904
-10.3317
-9.67853
-9.03061
-8.3875
-7.74883
-7.11423
-6.48337
-5.85588
-5.23142
-4.60967
-3.99029
-3.37296
-2.75735
-2.14315
-1.53005
-0.917717
-0.305854
-378.467
-337.415
-300.16
-267.264
-238.665
-214.005
-192.816
-174.616
-158.954
-145.434
-133.71
-123.495
-114.546
-106.665
-99.6848
-93.47
-87.9072
-82.9032
-78.38
-74.273
-70.5277
-67.0985
-63.9468
-61.0398
-58.3494
-55.8517
-53.5261
-51.3545
-49.3216
-47.4137
-45.619
-43.927
-42.3285
-40.8154
-39.3804
-38.0171
-36.7196
-35.4829
-34.3021
-33.1731
-32.0922
-31.0558
-30.0608
-29.1044
-28.184
-27.2972
-26.4417
-25.6157
-24.8172
-24.0446
-23.2963
-22.5708
-21.8667
-21.183
-20.5183
-19.8716
-19.2418
-18.6282
-18.0297
-17.4455
-16.875
-16.3172
-15.7717
-15.2376
-14.7145
-14.2017
-13.6987
-13.205
-12.7202
-12.2436
-11.775
-11.3138
-10.8598
-10.4125
-9.97147
-9.53649
-9.10718
-8.68323
-8.26433
-7.85018
-7.4405
-7.03502
-6.63347
-6.2356
-5.84115
-5.44989
-5.06159
-4.676
-4.29292
-3.91213
-3.5334
-3.15653
-2.78132
-2.40757
-2.03506
-1.66362
-1.29303
-0.923119
-0.553681
-0.184529
-337.594
-252.428
-193.503
-152.1
-122.511
-100.977
-85.0008
-72.9112
-63.579
-56.2333
-50.3416
-45.5322
-41.5416
-38.1809
-35.3126
-32.8352
-30.6724
-28.7665
-27.0729
-25.5567
-24.1903
-22.9516
-21.8227
-20.7889
-19.838
-18.9599
-18.1461
-17.3893
-16.6833
-16.0229
-15.4033
-14.8207
-14.2716
-13.7528
-13.2618
-12.796
-12.3534
-11.9321
-11.5304
-11.1468
-10.7799
-10.4285
-10.0914
-9.76773
-9.45643
-9.15672
-8.86782
-8.58903
-8.3197
-8.05924
-7.80709
-7.56276
-7.32578
-7.09571
-6.87215
-6.65472
-6.44309
-6.23692
-6.03591
-5.83978
-5.64825
-5.4611
-5.27807
-5.09895
-4.92353
-4.75162
-4.58302
-4.41758
-4.25511
-4.09547
-3.9385
-3.78407
-3.63203
-3.48226
-3.33464
-3.18905
-3.04537
-2.9035
-2.76333
-2.62477
-2.48772
-2.35208
-2.21777
-2.0847
-1.95278
-1.82194
-1.69209
-1.56316
-1.43508
-1.30776
-1.18114
-1.05515
-0.929719
-0.804775
-0.680254
-0.556088
-0.432213
-0.308563
-0.185074
-0.0616806
)
;

boundaryField
{
    anode
    {
        type            fixedValue;
        value           uniform 0;
    }
    cathode
    {
        type            fixedValue;
        value           uniform -400;
    }
    bottom
    {
        type            symmetryPlane;
    }
    left
    {
        type            fixedValue;
        value           uniform 0;
    }
    right
    {
        type            fixedValue;
        value           uniform 0;
    }
    top
    {
        type            fixedValue;
        value           uniform 0;
    }
    defaultFaces
    {
        type            empty;
    }
}


// ************************************************************************* //
