/*--------------------------------*- C++ -*----------------------------------*\
  =========                 |
  \\      /  F ield         | OpenFOAM: The Open Source CFD Toolbox
   \\    /   O peration     | Website:  https://openfoam.org
    \\  /    A nd           | Version:  8
     \\/     M anipulation  |
\*---------------------------------------------------------------------------*/
FoamFile
{
    version     2.0;
    format      ascii;
    class       labelList;
    note        "nPoints: 18302 nCells: 8800 nFaces: 35550 nInternalFaces: 17250";
    location    "constant/polyMesh";
    object      neighbour;
}
// * * * * * * * * * * * * * * * * * * * * * * * * * * * * * * * * * * * * * //


17250
(
1
20
2
21
3
22
4
23
5
24
6
25
7
26
8
27
9
28
10
29
11
30
12
31
13
32
14
33
15
34
16
35
17
36
18
37
19
38
39
800
21
40
22
41
23
42
24
43
25
44
26
45
27
46
28
47
29
48
30
49
31
50
32
51
33
52
34
53
35
54
36
55
37
56
38
57
39
58
59
820
41
60
42
61
43
62
44
63
45
64
46
65
47
66
48
67
49
68
50
69
51
70
52
71
53
72
54
73
55
74
56
75
57
76
58
77
59
78
79
840
61
80
62
81
63
82
64
83
65
84
66
85
67
86
68
87
69
88
70
89
71
90
72
91
73
92
74
93
75
94
76
95
77
96
78
97
79
98
99
860
81
100
82
101
83
102
84
103
85
104
86
105
87
106
88
107
89
108
90
109
91
110
92
111
93
112
94
113
95
114
96
115
97
116
98
117
99
118
119
880
101
120
102
121
103
122
104
123
105
124
106
125
107
126
108
127
109
128
110
129
111
130
112
131
113
132
114
133
115
134
116
135
117
136
118
137
119
138
139
900
121
140
122
141
123
142
124
143
125
144
126
145
127
146
128
147
129
148
130
149
131
150
132
151
133
152
134
153
135
154
136
155
137
156
138
157
139
158
159
920
141
160
142
161
143
162
144
163
145
164
146
165
147
166
148
167
149
168
150
169
151
170
152
171
153
172
154
173
155
174
156
175
157
176
158
177
159
178
179
940
161
180
162
181
163
182
164
183
165
184
166
185
167
186
168
187
169
188
170
189
171
190
172
191
173
192
174
193
175
194
176
195
177
196
178
197
179
198
199
960
181
200
182
201
183
202
184
203
185
204
186
205
187
206
188
207
189
208
190
209
191
210
192
211
193
212
194
213
195
214
196
215
197
216
198
217
199
218
219
980
201
220
202
221
203
222
204
223
205
224
206
225
207
226
208
227
209
228
210
229
211
230
212
231
213
232
214
233
215
234
216
235
217
236
218
237
219
238
239
1000
221
240
222
241
223
242
224
243
225
244
226
245
227
246
228
247
229
248
230
249
231
250
232
251
233
252
234
253
235
254
236
255
237
256
238
257
239
258
259
1020
241
260
242
261
243
262
244
263
245
264
246
265
247
266
248
267
249
268
250
269
251
270
252
271
253
272
254
273
255
274
256
275
257
276
258
277
259
278
279
1040
261
280
262
281
263
282
264
283
265
284
266
285
267
286
268
287
269
288
270
289
271
290
272
291
273
292
274
293
275
294
276
295
277
296
278
297
279
298
299
1060
281
300
282
301
283
302
284
303
285
304
286
305
287
306
288
307
289
308
290
309
291
310
292
311
293
312
294
313
295
314
296
315
297
316
298
317
299
318
319
1080
301
320
302
321
303
322
304
323
305
324
306
325
307
326
308
327
309
328
310
329
311
330
312
331
313
332
314
333
315
334
316
335
317
336
318
337
319
338
339
1100
321
340
322
341
323
342
324
343
325
344
326
345
327
346
328
347
329
348
330
349
331
350
332
351
333
352
334
353
335
354
336
355
337
356
338
357
339
358
359
1120
341
360
342
361
343
362
344
363
345
364
346
365
347
366
348
367
349
368
350
369
351
370
352
371
353
372
354
373
355
374
356
375
357
376
358
377
359
378
379
1140
361
380
362
381
363
382
364
383
365
384
366
385
367
386
368
387
369
388
370
389
371
390
372
391
373
392
374
393
375
394
376
395
377
396
378
397
379
398
399
1160
381
400
382
401
383
402
384
403
385
404
386
405
387
406
388
407
389
408
390
409
391
410
392
411
393
412
394
413
395
414
396
415
397
416
398
417
399
418
419
1180
401
420
402
421
403
422
404
423
405
424
406
425
407
426
408
427
409
428
410
429
411
430
412
431
413
432
414
433
415
434
416
435
417
436
418
437
419
438
439
421
440
422
441
423
442
424
443
425
444
426
445
427
446
428
447
429
448
430
449
431
450
432
451
433
452
434
453
435
454
436
455
437
456
438
457
439
458
459
441
460
442
461
443
462
444
463
445
464
446
465
447
466
448
467
449
468
450
469
451
470
452
471
453
472
454
473
455
474
456
475
457
476
458
477
459
478
479
461
480
462
481
463
482
464
483
465
484
466
485
467
486
468
487
469
488
470
489
471
490
472
491
473
492
474
493
475
494
476
495
477
496
478
497
479
498
499
481
500
482
501
483
502
484
503
485
504
486
505
487
506
488
507
489
508
490
509
491
510
492
511
493
512
494
513
495
514
496
515
497
516
498
517
499
518
519
501
520
502
521
503
522
504
523
505
524
506
525
507
526
508
527
509
528
510
529
511
530
512
531
513
532
514
533
515
534
516
535
517
536
518
537
519
538
539
521
540
522
541
523
542
524
543
525
544
526
545
527
546
528
547
529
548
530
549
531
550
532
551
533
552
534
553
535
554
536
555
537
556
538
557
539
558
559
541
560
542
561
543
562
544
563
545
564
546
565
547
566
548
567
549
568
550
569
551
570
552
571
553
572
554
573
555
574
556
575
557
576
558
577
559
578
579
561
580
562
581
563
582
564
583
565
584
566
585
567
586
568
587
569
588
570
589
571
590
572
591
573
592
574
593
575
594
576
595
577
596
578
597
579
598
599
581
600
582
601
583
602
584
603
585
604
586
605
587
606
588
607
589
608
590
609
591
610
592
611
593
612
594
613
595
614
596
615
597
616
598
617
599
618
619
601
620
602
621
603
622
604
623
605
624
606
625
607
626
608
627
609
628
610
629
611
630
612
631
613
632
614
633
615
634
616
635
617
636
618
637
619
638
639
621
640
622
641
623
642
624
643
625
644
626
645
627
646
628
647
629
648
630
649
631
650
632
651
633
652
634
653
635
654
636
655
637
656
638
657
639
658
659
641
660
642
661
643
662
644
663
645
664
646
665
647
666
648
667
649
668
650
669
651
670
652
671
653
672
654
673
655
674
656
675
657
676
658
677
659
678
679
661
680
662
681
663
682
664
683
665
684
666
685
667
686
668
687
669
688
670
689
671
690
672
691
673
692
674
693
675
694
676
695
677
696
678
697
679
698
699
681
700
682
701
683
702
684
703
685
704
686
705
687
706
688
707
689
708
690
709
691
710
692
711
693
712
694
713
695
714
696
715
697
716
698
717
699
718
719
701
720
702
721
703
722
704
723
705
724
706
725
707
726
708
727
709
728
710
729
711
730
712
731
713
732
714
733
715
734
716
735
717
736
718
737
719
738
739
721
740
722
741
723
742
724
743
725
744
726
745
727
746
728
747
729
748
730
749
731
750
732
751
733
752
734
753
735
754
736
755
737
756
738
757
739
758
759
741
760
742
761
743
762
744
763
745
764
746
765
747
766
748
767
749
768
750
769
751
770
752
771
753
772
754
773
755
774
756
775
757
776
758
777
759
778
779
761
780
762
781
763
782
764
783
765
784
766
785
767
786
768
787
769
788
770
789
771
790
772
791
773
792
774
793
775
794
776
795
777
796
778
797
779
798
799
781
782
783
784
785
786
787
788
789
790
791
792
793
794
795
796
797
798
799
801
820
802
821
803
822
804
823
805
824
806
825
807
826
808
827
809
828
810
829
811
830
812
831
813
832
814
833
815
834
816
835
817
836
818
837
819
838
839
1200
821
840
822
841
823
842
824
843
825
844
826
845
827
846
828
847
829
848
830
849
831
850
832
851
833
852
834
853
835
854
836
855
837
856
838
857
839
858
859
1210
841
860
842
861
843
862
844
863
845
864
846
865
847
866
848
867
849
868
850
869
851
870
852
871
853
872
854
873
855
874
856
875
857
876
858
877
859
878
879
1220
861
880
862
881
863
882
864
883
865
884
866
885
867
886
868
887
869
888
870
889
871
890
872
891
873
892
874
893
875
894
876
895
877
896
878
897
879
898
899
1230
881
900
882
901
883
902
884
903
885
904
886
905
887
906
888
907
889
908
890
909
891
910
892
911
893
912
894
913
895
914
896
915
897
916
898
917
899
918
919
1240
901
920
902
921
903
922
904
923
905
924
906
925
907
926
908
927
909
928
910
929
911
930
912
931
913
932
914
933
915
934
916
935
917
936
918
937
919
938
939
1250
921
940
922
941
923
942
924
943
925
944
926
945
927
946
928
947
929
948
930
949
931
950
932
951
933
952
934
953
935
954
936
955
937
956
938
957
939
958
959
1260
941
960
942
961
943
962
944
963
945
964
946
965
947
966
948
967
949
968
950
969
951
970
952
971
953
972
954
973
955
974
956
975
957
976
958
977
959
978
979
1270
961
980
962
981
963
982
964
983
965
984
966
985
967
986
968
987
969
988
970
989
971
990
972
991
973
992
974
993
975
994
976
995
977
996
978
997
979
998
999
1280
981
1000
982
1001
983
1002
984
1003
985
1004
986
1005
987
1006
988
1007
989
1008
990
1009
991
1010
992
1011
993
1012
994
1013
995
1014
996
1015
997
1016
998
1017
999
1018
1019
1290
1001
1020
1002
1021
1003
1022
1004
1023
1005
1024
1006
1025
1007
1026
1008
1027
1009
1028
1010
1029
1011
1030
1012
1031
1013
1032
1014
1033
1015
1034
1016
1035
1017
1036
1018
1037
1019
1038
1039
1300
1021
1040
1022
1041
1023
1042
1024
1043
1025
1044
1026
1045
1027
1046
1028
1047
1029
1048
1030
1049
1031
1050
1032
1051
1033
1052
1034
1053
1035
1054
1036
1055
1037
1056
1038
1057
1039
1058
1059
1310
1041
1060
1042
1061
1043
1062
1044
1063
1045
1064
1046
1065
1047
1066
1048
1067
1049
1068
1050
1069
1051
1070
1052
1071
1053
1072
1054
1073
1055
1074
1056
1075
1057
1076
1058
1077
1059
1078
1079
1320
1061
1080
1062
1081
1063
1082
1064
1083
1065
1084
1066
1085
1067
1086
1068
1087
1069
1088
1070
1089
1071
1090
1072
1091
1073
1092
1074
1093
1075
1094
1076
1095
1077
1096
1078
1097
1079
1098
1099
1330
1081
1100
1082
1101
1083
1102
1084
1103
1085
1104
1086
1105
1087
1106
1088
1107
1089
1108
1090
1109
1091
1110
1092
1111
1093
1112
1094
1113
1095
1114
1096
1115
1097
1116
1098
1117
1099
1118
1119
1340
1101
1120
1102
1121
1103
1122
1104
1123
1105
1124
1106
1125
1107
1126
1108
1127
1109
1128
1110
1129
1111
1130
1112
1131
1113
1132
1114
1133
1115
1134
1116
1135
1117
1136
1118
1137
1119
1138
1139
1350
1121
1140
1122
1141
1123
1142
1124
1143
1125
1144
1126
1145
1127
1146
1128
1147
1129
1148
1130
1149
1131
1150
1132
1151
1133
1152
1134
1153
1135
1154
1136
1155
1137
1156
1138
1157
1139
1158
1159
1360
1141
1160
1142
1161
1143
1162
1144
1163
1145
1164
1146
1165
1147
1166
1148
1167
1149
1168
1150
1169
1151
1170
1152
1171
1153
1172
1154
1173
1155
1174
1156
1175
1157
1176
1158
1177
1159
1178
1179
1370
1161
1180
1162
1181
1163
1182
1164
1183
1165
1184
1166
1185
1167
1186
1168
1187
1169
1188
1170
1189
1171
1190
1172
1191
1173
1192
1174
1193
1175
1194
1176
1195
1177
1196
1178
1197
1179
1198
1199
1380
1181
1182
1183
1184
1185
1186
1187
1188
1189
1190
1191
1192
1193
1194
1195
1196
1197
1198
1199
1390
1201
1210
1202
1211
1203
1212
1204
1213
1205
1214
1206
1215
1207
1216
1208
1217
1209
1218
1219
2400
1211
1220
1212
1221
1213
1222
1214
1223
1215
1224
1216
1225
1217
1226
1218
1227
1219
1228
1229
2420
1221
1230
1222
1231
1223
1232
1224
1233
1225
1234
1226
1235
1227
1236
1228
1237
1229
1238
1239
2440
1231
1240
1232
1241
1233
1242
1234
1243
1235
1244
1236
1245
1237
1246
1238
1247
1239
1248
1249
2460
1241
1250
1242
1251
1243
1252
1244
1253
1245
1254
1246
1255
1247
1256
1248
1257
1249
1258
1259
2480
1251
1260
1252
1261
1253
1262
1254
1263
1255
1264
1256
1265
1257
1266
1258
1267
1259
1268
1269
2500
1261
1270
1262
1271
1263
1272
1264
1273
1265
1274
1266
1275
1267
1276
1268
1277
1269
1278
1279
2520
1271
1280
1272
1281
1273
1282
1274
1283
1275
1284
1276
1285
1277
1286
1278
1287
1279
1288
1289
2540
1281
1290
1282
1291
1283
1292
1284
1293
1285
1294
1286
1295
1287
1296
1288
1297
1289
1298
1299
2560
1291
1300
1292
1301
1293
1302
1294
1303
1295
1304
1296
1305
1297
1306
1298
1307
1299
1308
1309
2580
1301
1310
1302
1311
1303
1312
1304
1313
1305
1314
1306
1315
1307
1316
1308
1317
1309
1318
1319
2600
1311
1320
1312
1321
1313
1322
1314
1323
1315
1324
1316
1325
1317
1326
1318
1327
1319
1328
1329
2620
1321
1330
1322
1331
1323
1332
1324
1333
1325
1334
1326
1335
1327
1336
1328
1337
1329
1338
1339
2640
1331
1340
1332
1341
1333
1342
1334
1343
1335
1344
1336
1345
1337
1346
1338
1347
1339
1348
1349
2660
1341
1350
1342
1351
1343
1352
1344
1353
1345
1354
1346
1355
1347
1356
1348
1357
1349
1358
1359
2680
1351
1360
1352
1361
1353
1362
1354
1363
1355
1364
1356
1365
1357
1366
1358
1367
1359
1368
1369
2700
1361
1370
1362
1371
1363
1372
1364
1373
1365
1374
1366
1375
1367
1376
1368
1377
1369
1378
1379
2720
1371
1380
1372
1381
1373
1382
1374
1383
1375
1384
1376
1385
1377
1386
1378
1387
1379
1388
1389
2740
1381
1390
1382
1391
1383
1392
1384
1393
1385
1394
1386
1395
1387
1396
1388
1397
1389
1398
1399
2760
1391
1400
1392
1401
1393
1402
1394
1403
1395
1404
1396
1405
1397
1406
1398
1407
1399
1408
1409
2780
1401
1410
1402
1411
1403
1412
1404
1413
1405
1414
1406
1415
1407
1416
1408
1417
1409
1418
1419
1411
1420
1412
1421
1413
1422
1414
1423
1415
1424
1416
1425
1417
1426
1418
1427
1419
1428
1429
1421
1430
1422
1431
1423
1432
1424
1433
1425
1434
1426
1435
1427
1436
1428
1437
1429
1438
1439
1431
1440
1432
1441
1433
1442
1434
1443
1435
1444
1436
1445
1437
1446
1438
1447
1439
1448
1449
1441
1450
1442
1451
1443
1452
1444
1453
1445
1454
1446
1455
1447
1456
1448
1457
1449
1458
1459
1451
1460
1452
1461
1453
1462
1454
1463
1455
1464
1456
1465
1457
1466
1458
1467
1459
1468
1469
1461
1470
1462
1471
1463
1472
1464
1473
1465
1474
1466
1475
1467
1476
1468
1477
1469
1478
1479
1471
1480
1472
1481
1473
1482
1474
1483
1475
1484
1476
1485
1477
1486
1478
1487
1479
1488
1489
1481
1490
1482
1491
1483
1492
1484
1493
1485
1494
1486
1495
1487
1496
1488
1497
1489
1498
1499
1491
1500
1492
1501
1493
1502
1494
1503
1495
1504
1496
1505
1497
1506
1498
1507
1499
1508
1509
1501
1510
1502
1511
1503
1512
1504
1513
1505
1514
1506
1515
1507
1516
1508
1517
1509
1518
1519
1511
1520
1512
1521
1513
1522
1514
1523
1515
1524
1516
1525
1517
1526
1518
1527
1519
1528
1529
1521
1530
1522
1531
1523
1532
1524
1533
1525
1534
1526
1535
1527
1536
1528
1537
1529
1538
1539
1531
1540
1532
1541
1533
1542
1534
1543
1535
1544
1536
1545
1537
1546
1538
1547
1539
1548
1549
1541
1550
1542
1551
1543
1552
1544
1553
1545
1554
1546
1555
1547
1556
1548
1557
1549
1558
1559
1551
1560
1552
1561
1553
1562
1554
1563
1555
1564
1556
1565
1557
1566
1558
1567
1559
1568
1569
1561
1570
1562
1571
1563
1572
1564
1573
1565
1574
1566
1575
1567
1576
1568
1577
1569
1578
1579
1571
1580
1572
1581
1573
1582
1574
1583
1575
1584
1576
1585
1577
1586
1578
1587
1579
1588
1589
1581
1590
1582
1591
1583
1592
1584
1593
1585
1594
1586
1595
1587
1596
1588
1597
1589
1598
1599
1591
1600
1592
1601
1593
1602
1594
1603
1595
1604
1596
1605
1597
1606
1598
1607
1599
1608
1609
1601
1610
1602
1611
1603
1612
1604
1613
1605
1614
1606
1615
1607
1616
1608
1617
1609
1618
1619
1611
1620
1612
1621
1613
1622
1614
1623
1615
1624
1616
1625
1617
1626
1618
1627
1619
1628
1629
1621
1630
1622
1631
1623
1632
1624
1633
1625
1634
1626
1635
1627
1636
1628
1637
1629
1638
1639
1631
1640
1632
1641
1633
1642
1634
1643
1635
1644
1636
1645
1637
1646
1638
1647
1639
1648
1649
1641
1650
1642
1651
1643
1652
1644
1653
1645
1654
1646
1655
1647
1656
1648
1657
1649
1658
1659
1651
1660
1652
1661
1653
1662
1654
1663
1655
1664
1656
1665
1657
1666
1658
1667
1659
1668
1669
1661
1670
1662
1671
1663
1672
1664
1673
1665
1674
1666
1675
1667
1676
1668
1677
1669
1678
1679
1671
1680
1672
1681
1673
1682
1674
1683
1675
1684
1676
1685
1677
1686
1678
1687
1679
1688
1689
1681
1690
1682
1691
1683
1692
1684
1693
1685
1694
1686
1695
1687
1696
1688
1697
1689
1698
1699
1691
1700
1692
1701
1693
1702
1694
1703
1695
1704
1696
1705
1697
1706
1698
1707
1699
1708
1709
1701
1710
1702
1711
1703
1712
1704
1713
1705
1714
1706
1715
1707
1716
1708
1717
1709
1718
1719
1711
1720
1712
1721
1713
1722
1714
1723
1715
1724
1716
1725
1717
1726
1718
1727
1719
1728
1729
1721
1730
1722
1731
1723
1732
1724
1733
1725
1734
1726
1735
1727
1736
1728
1737
1729
1738
1739
1731
1740
1732
1741
1733
1742
1734
1743
1735
1744
1736
1745
1737
1746
1738
1747
1739
1748
1749
1741
1750
1742
1751
1743
1752
1744
1753
1745
1754
1746
1755
1747
1756
1748
1757
1749
1758
1759
1751
1760
1752
1761
1753
1762
1754
1763
1755
1764
1756
1765
1757
1766
1758
1767
1759
1768
1769
1761
1770
1762
1771
1763
1772
1764
1773
1765
1774
1766
1775
1767
1776
1768
1777
1769
1778
1779
1771
1780
1772
1781
1773
1782
1774
1783
1775
1784
1776
1785
1777
1786
1778
1787
1779
1788
1789
1781
1790
1782
1791
1783
1792
1784
1793
1785
1794
1786
1795
1787
1796
1788
1797
1789
1798
1799
1791
1800
1792
1801
1793
1802
1794
1803
1795
1804
1796
1805
1797
1806
1798
1807
1799
1808
1809
1801
1810
1802
1811
1803
1812
1804
1813
1805
1814
1806
1815
1807
1816
1808
1817
1809
1818
1819
1811
1820
1812
1821
1813
1822
1814
1823
1815
1824
1816
1825
1817
1826
1818
1827
1819
1828
1829
1821
1830
1822
1831
1823
1832
1824
1833
1825
1834
1826
1835
1827
1836
1828
1837
1829
1838
1839
1831
1840
1832
1841
1833
1842
1834
1843
1835
1844
1836
1845
1837
1846
1838
1847
1839
1848
1849
1841
1850
1842
1851
1843
1852
1844
1853
1845
1854
1846
1855
1847
1856
1848
1857
1849
1858
1859
1851
1860
1852
1861
1853
1862
1854
1863
1855
1864
1856
1865
1857
1866
1858
1867
1859
1868
1869
1861
1870
1862
1871
1863
1872
1864
1873
1865
1874
1866
1875
1867
1876
1868
1877
1869
1878
1879
1871
1880
1872
1881
1873
1882
1874
1883
1875
1884
1876
1885
1877
1886
1878
1887
1879
1888
1889
1881
1890
1882
1891
1883
1892
1884
1893
1885
1894
1886
1895
1887
1896
1888
1897
1889
1898
1899
1891
1900
1892
1901
1893
1902
1894
1903
1895
1904
1896
1905
1897
1906
1898
1907
1899
1908
1909
1901
1910
1902
1911
1903
1912
1904
1913
1905
1914
1906
1915
1907
1916
1908
1917
1909
1918
1919
1911
1920
1912
1921
1913
1922
1914
1923
1915
1924
1916
1925
1917
1926
1918
1927
1919
1928
1929
1921
1930
1922
1931
1923
1932
1924
1933
1925
1934
1926
1935
1927
1936
1928
1937
1929
1938
1939
1931
1940
1932
1941
1933
1942
1934
1943
1935
1944
1936
1945
1937
1946
1938
1947
1939
1948
1949
1941
1950
1942
1951
1943
1952
1944
1953
1945
1954
1946
1955
1947
1956
1948
1957
1949
1958
1959
1951
1960
1952
1961
1953
1962
1954
1963
1955
1964
1956
1965
1957
1966
1958
1967
1959
1968
1969
1961
1970
1962
1971
1963
1972
1964
1973
1965
1974
1966
1975
1967
1976
1968
1977
1969
1978
1979
1971
1980
1972
1981
1973
1982
1974
1983
1975
1984
1976
1985
1977
1986
1978
1987
1979
1988
1989
1981
1990
1982
1991
1983
1992
1984
1993
1985
1994
1986
1995
1987
1996
1988
1997
1989
1998
1999
1991
2000
1992
2001
1993
2002
1994
2003
1995
2004
1996
2005
1997
2006
1998
2007
1999
2008
2009
2001
2010
2002
2011
2003
2012
2004
2013
2005
2014
2006
2015
2007
2016
2008
2017
2009
2018
2019
2011
2020
2012
2021
2013
2022
2014
2023
2015
2024
2016
2025
2017
2026
2018
2027
2019
2028
2029
2021
2030
2022
2031
2023
2032
2024
2033
2025
2034
2026
2035
2027
2036
2028
2037
2029
2038
2039
2031
2040
2032
2041
2033
2042
2034
2043
2035
2044
2036
2045
2037
2046
2038
2047
2039
2048
2049
2041
2050
2042
2051
2043
2052
2044
2053
2045
2054
2046
2055
2047
2056
2048
2057
2049
2058
2059
2051
2060
2052
2061
2053
2062
2054
2063
2055
2064
2056
2065
2057
2066
2058
2067
2059
2068
2069
2061
2070
2062
2071
2063
2072
2064
2073
2065
2074
2066
2075
2067
2076
2068
2077
2069
2078
2079
2071
2080
2072
2081
2073
2082
2074
2083
2075
2084
2076
2085
2077
2086
2078
2087
2079
2088
2089
2081
2090
2082
2091
2083
2092
2084
2093
2085
2094
2086
2095
2087
2096
2088
2097
2089
2098
2099
2091
2100
2092
2101
2093
2102
2094
2103
2095
2104
2096
2105
2097
2106
2098
2107
2099
2108
2109
2101
2110
2102
2111
2103
2112
2104
2113
2105
2114
2106
2115
2107
2116
2108
2117
2109
2118
2119
2111
2120
2112
2121
2113
2122
2114
2123
2115
2124
2116
2125
2117
2126
2118
2127
2119
2128
2129
2121
2130
2122
2131
2123
2132
2124
2133
2125
2134
2126
2135
2127
2136
2128
2137
2129
2138
2139
2131
2140
2132
2141
2133
2142
2134
2143
2135
2144
2136
2145
2137
2146
2138
2147
2139
2148
2149
2141
2150
2142
2151
2143
2152
2144
2153
2145
2154
2146
2155
2147
2156
2148
2157
2149
2158
2159
2151
2160
2152
2161
2153
2162
2154
2163
2155
2164
2156
2165
2157
2166
2158
2167
2159
2168
2169
2161
2170
2162
2171
2163
2172
2164
2173
2165
2174
2166
2175
2167
2176
2168
2177
2169
2178
2179
2171
2180
2172
2181
2173
2182
2174
2183
2175
2184
2176
2185
2177
2186
2178
2187
2179
2188
2189
2181
2190
2182
2191
2183
2192
2184
2193
2185
2194
2186
2195
2187
2196
2188
2197
2189
2198
2199
2191
2200
2192
2201
2193
2202
2194
2203
2195
2204
2196
2205
2197
2206
2198
2207
2199
2208
2209
2201
2210
2202
2211
2203
2212
2204
2213
2205
2214
2206
2215
2207
2216
2208
2217
2209
2218
2219
2211
2220
2212
2221
2213
2222
2214
2223
2215
2224
2216
2225
2217
2226
2218
2227
2219
2228
2229
2221
2230
2222
2231
2223
2232
2224
2233
2225
2234
2226
2235
2227
2236
2228
2237
2229
2238
2239
2231
2240
2232
2241
2233
2242
2234
2243
2235
2244
2236
2245
2237
2246
2238
2247
2239
2248
2249
2241
2250
2242
2251
2243
2252
2244
2253
2245
2254
2246
2255
2247
2256
2248
2257
2249
2258
2259
2251
2260
2252
2261
2253
2262
2254
2263
2255
2264
2256
2265
2257
2266
2258
2267
2259
2268
2269
2261
2270
2262
2271
2263
2272
2264
2273
2265
2274
2266
2275
2267
2276
2268
2277
2269
2278
2279
2271
2280
2272
2281
2273
2282
2274
2283
2275
2284
2276
2285
2277
2286
2278
2287
2279
2288
2289
2281
2290
2282
2291
2283
2292
2284
2293
2285
2294
2286
2295
2287
2296
2288
2297
2289
2298
2299
2291
2300
2292
2301
2293
2302
2294
2303
2295
2304
2296
2305
2297
2306
2298
2307
2299
2308
2309
2301
2310
2302
2311
2303
2312
2304
2313
2305
2314
2306
2315
2307
2316
2308
2317
2309
2318
2319
2311
2320
2312
2321
2313
2322
2314
2323
2315
2324
2316
2325
2317
2326
2318
2327
2319
2328
2329
2321
2330
2322
2331
2323
2332
2324
2333
2325
2334
2326
2335
2327
2336
2328
2337
2329
2338
2339
2331
2340
2332
2341
2333
2342
2334
2343
2335
2344
2336
2345
2337
2346
2338
2347
2339
2348
2349
2341
2350
2342
2351
2343
2352
2344
2353
2345
2354
2346
2355
2347
2356
2348
2357
2349
2358
2359
2351
2360
2352
2361
2353
2362
2354
2363
2355
2364
2356
2365
2357
2366
2358
2367
2359
2368
2369
2361
2370
2362
2371
2363
2372
2364
2373
2365
2374
2366
2375
2367
2376
2368
2377
2369
2378
2379
2371
2380
2372
2381
2373
2382
2374
2383
2375
2384
2376
2385
2377
2386
2378
2387
2379
2388
2389
2381
2390
2382
2391
2383
2392
2384
2393
2385
2394
2386
2395
2387
2396
2388
2397
2389
2398
2399
2391
2392
2393
2394
2395
2396
2397
2398
2399
2401
2420
2402
2421
2403
2422
2404
2423
2405
2424
2406
2425
2407
2426
2408
2427
2409
2428
2410
2429
2411
2430
2412
2431
2413
2432
2414
2433
2415
2434
2416
2435
2417
2436
2418
2437
2419
2438
2439
2800
2421
2440
2422
2441
2423
2442
2424
2443
2425
2444
2426
2445
2427
2446
2428
2447
2429
2448
2430
2449
2431
2450
2432
2451
2433
2452
2434
2453
2435
2454
2436
2455
2437
2456
2438
2457
2439
2458
2459
2900
2441
2460
2442
2461
2443
2462
2444
2463
2445
2464
2446
2465
2447
2466
2448
2467
2449
2468
2450
2469
2451
2470
2452
2471
2453
2472
2454
2473
2455
2474
2456
2475
2457
2476
2458
2477
2459
2478
2479
3000
2461
2480
2462
2481
2463
2482
2464
2483
2465
2484
2466
2485
2467
2486
2468
2487
2469
2488
2470
2489
2471
2490
2472
2491
2473
2492
2474
2493
2475
2494
2476
2495
2477
2496
2478
2497
2479
2498
2499
3100
2481
2500
2482
2501
2483
2502
2484
2503
2485
2504
2486
2505
2487
2506
2488
2507
2489
2508
2490
2509
2491
2510
2492
2511
2493
2512
2494
2513
2495
2514
2496
2515
2497
2516
2498
2517
2499
2518
2519
3200
2501
2520
2502
2521
2503
2522
2504
2523
2505
2524
2506
2525
2507
2526
2508
2527
2509
2528
2510
2529
2511
2530
2512
2531
2513
2532
2514
2533
2515
2534
2516
2535
2517
2536
2518
2537
2519
2538
2539
3300
2521
2540
2522
2541
2523
2542
2524
2543
2525
2544
2526
2545
2527
2546
2528
2547
2529
2548
2530
2549
2531
2550
2532
2551
2533
2552
2534
2553
2535
2554
2536
2555
2537
2556
2538
2557
2539
2558
2559
3400
2541
2560
2542
2561
2543
2562
2544
2563
2545
2564
2546
2565
2547
2566
2548
2567
2549
2568
2550
2569
2551
2570
2552
2571
2553
2572
2554
2573
2555
2574
2556
2575
2557
2576
2558
2577
2559
2578
2579
3500
2561
2580
2562
2581
2563
2582
2564
2583
2565
2584
2566
2585
2567
2586
2568
2587
2569
2588
2570
2589
2571
2590
2572
2591
2573
2592
2574
2593
2575
2594
2576
2595
2577
2596
2578
2597
2579
2598
2599
3600
2581
2600
2582
2601
2583
2602
2584
2603
2585
2604
2586
2605
2587
2606
2588
2607
2589
2608
2590
2609
2591
2610
2592
2611
2593
2612
2594
2613
2595
2614
2596
2615
2597
2616
2598
2617
2599
2618
2619
3700
2601
2620
2602
2621
2603
2622
2604
2623
2605
2624
2606
2625
2607
2626
2608
2627
2609
2628
2610
2629
2611
2630
2612
2631
2613
2632
2614
2633
2615
2634
2616
2635
2617
2636
2618
2637
2619
2638
2639
3800
2621
2640
2622
2641
2623
2642
2624
2643
2625
2644
2626
2645
2627
2646
2628
2647
2629
2648
2630
2649
2631
2650
2632
2651
2633
2652
2634
2653
2635
2654
2636
2655
2637
2656
2638
2657
2639
2658
2659
3900
2641
2660
2642
2661
2643
2662
2644
2663
2645
2664
2646
2665
2647
2666
2648
2667
2649
2668
2650
2669
2651
2670
2652
2671
2653
2672
2654
2673
2655
2674
2656
2675
2657
2676
2658
2677
2659
2678
2679
4000
2661
2680
2662
2681
2663
2682
2664
2683
2665
2684
2666
2685
2667
2686
2668
2687
2669
2688
2670
2689
2671
2690
2672
2691
2673
2692
2674
2693
2675
2694
2676
2695
2677
2696
2678
2697
2679
2698
2699
4100
2681
2700
2682
2701
2683
2702
2684
2703
2685
2704
2686
2705
2687
2706
2688
2707
2689
2708
2690
2709
2691
2710
2692
2711
2693
2712
2694
2713
2695
2714
2696
2715
2697
2716
2698
2717
2699
2718
2719
4200
2701
2720
2702
2721
2703
2722
2704
2723
2705
2724
2706
2725
2707
2726
2708
2727
2709
2728
2710
2729
2711
2730
2712
2731
2713
2732
2714
2733
2715
2734
2716
2735
2717
2736
2718
2737
2719
2738
2739
4300
2721
2740
2722
2741
2723
2742
2724
2743
2725
2744
2726
2745
2727
2746
2728
2747
2729
2748
2730
2749
2731
2750
2732
2751
2733
2752
2734
2753
2735
2754
2736
2755
2737
2756
2738
2757
2739
2758
2759
4400
2741
2760
2742
2761
2743
2762
2744
2763
2745
2764
2746
2765
2747
2766
2748
2767
2749
2768
2750
2769
2751
2770
2752
2771
2753
2772
2754
2773
2755
2774
2756
2775
2757
2776
2758
2777
2759
2778
2779
4500
2761
2780
2762
2781
2763
2782
2764
2783
2765
2784
2766
2785
2767
2786
2768
2787
2769
2788
2770
2789
2771
2790
2772
2791
2773
2792
2774
2793
2775
2794
2776
2795
2777
2796
2778
2797
2779
2798
2799
4600
2781
2782
2783
2784
2785
2786
2787
2788
2789
2790
2791
2792
2793
2794
2795
2796
2797
2798
2799
4700
2801
2900
2802
2901
2803
2902
2804
2903
2805
2904
2806
2905
2807
2906
2808
2907
2809
2908
2810
2909
2811
2910
2812
2911
2813
2912
2814
2913
2815
2914
2816
2915
2817
2916
2818
2917
2819
2918
2820
2919
2821
2920
2822
2921
2823
2922
2824
2923
2825
2924
2826
2925
2827
2926
2828
2927
2829
2928
2830
2929
2831
2930
2832
2931
2833
2932
2834
2933
2835
2934
2836
2935
2837
2936
2838
2937
2839
2938
2840
2939
2841
2940
2842
2941
2843
2942
2844
2943
2845
2944
2846
2945
2847
2946
2848
2947
2849
2948
2850
2949
2851
2950
2852
2951
2853
2952
2854
2953
2855
2954
2856
2955
2857
2956
2858
2957
2859
2958
2860
2959
2861
2960
2862
2961
2863
2962
2864
2963
2865
2964
2866
2965
2867
2966
2868
2967
2869
2968
2870
2969
2871
2970
2872
2971
2873
2972
2874
2973
2875
2974
2876
2975
2877
2976
2878
2977
2879
2978
2880
2979
2881
2980
2882
2981
2883
2982
2884
2983
2885
2984
2886
2985
2887
2986
2888
2987
2889
2988
2890
2989
2891
2990
2892
2991
2893
2992
2894
2993
2895
2994
2896
2995
2897
2996
2898
2997
2899
2998
2999
2901
3000
2902
3001
2903
3002
2904
3003
2905
3004
2906
3005
2907
3006
2908
3007
2909
3008
2910
3009
2911
3010
2912
3011
2913
3012
2914
3013
2915
3014
2916
3015
2917
3016
2918
3017
2919
3018
2920
3019
2921
3020
2922
3021
2923
3022
2924
3023
2925
3024
2926
3025
2927
3026
2928
3027
2929
3028
2930
3029
2931
3030
2932
3031
2933
3032
2934
3033
2935
3034
2936
3035
2937
3036
2938
3037
2939
3038
2940
3039
2941
3040
2942
3041
2943
3042
2944
3043
2945
3044
2946
3045
2947
3046
2948
3047
2949
3048
2950
3049
2951
3050
2952
3051
2953
3052
2954
3053
2955
3054
2956
3055
2957
3056
2958
3057
2959
3058
2960
3059
2961
3060
2962
3061
2963
3062
2964
3063
2965
3064
2966
3065
2967
3066
2968
3067
2969
3068
2970
3069
2971
3070
2972
3071
2973
3072
2974
3073
2975
3074
2976
3075
2977
3076
2978
3077
2979
3078
2980
3079
2981
3080
2982
3081
2983
3082
2984
3083
2985
3084
2986
3085
2987
3086
2988
3087
2989
3088
2990
3089
2991
3090
2992
3091
2993
3092
2994
3093
2995
3094
2996
3095
2997
3096
2998
3097
2999
3098
3099
3001
3100
3002
3101
3003
3102
3004
3103
3005
3104
3006
3105
3007
3106
3008
3107
3009
3108
3010
3109
3011
3110
3012
3111
3013
3112
3014
3113
3015
3114
3016
3115
3017
3116
3018
3117
3019
3118
3020
3119
3021
3120
3022
3121
3023
3122
3024
3123
3025
3124
3026
3125
3027
3126
3028
3127
3029
3128
3030
3129
3031
3130
3032
3131
3033
3132
3034
3133
3035
3134
3036
3135
3037
3136
3038
3137
3039
3138
3040
3139
3041
3140
3042
3141
3043
3142
3044
3143
3045
3144
3046
3145
3047
3146
3048
3147
3049
3148
3050
3149
3051
3150
3052
3151
3053
3152
3054
3153
3055
3154
3056
3155
3057
3156
3058
3157
3059
3158
3060
3159
3061
3160
3062
3161
3063
3162
3064
3163
3065
3164
3066
3165
3067
3166
3068
3167
3069
3168
3070
3169
3071
3170
3072
3171
3073
3172
3074
3173
3075
3174
3076
3175
3077
3176
3078
3177
3079
3178
3080
3179
3081
3180
3082
3181
3083
3182
3084
3183
3085
3184
3086
3185
3087
3186
3088
3187
3089
3188
3090
3189
3091
3190
3092
3191
3093
3192
3094
3193
3095
3194
3096
3195
3097
3196
3098
3197
3099
3198
3199
3101
3200
3102
3201
3103
3202
3104
3203
3105
3204
3106
3205
3107
3206
3108
3207
3109
3208
3110
3209
3111
3210
3112
3211
3113
3212
3114
3213
3115
3214
3116
3215
3117
3216
3118
3217
3119
3218
3120
3219
3121
3220
3122
3221
3123
3222
3124
3223
3125
3224
3126
3225
3127
3226
3128
3227
3129
3228
3130
3229
3131
3230
3132
3231
3133
3232
3134
3233
3135
3234
3136
3235
3137
3236
3138
3237
3139
3238
3140
3239
3141
3240
3142
3241
3143
3242
3144
3243
3145
3244
3146
3245
3147
3246
3148
3247
3149
3248
3150
3249
3151
3250
3152
3251
3153
3252
3154
3253
3155
3254
3156
3255
3157
3256
3158
3257
3159
3258
3160
3259
3161
3260
3162
3261
3163
3262
3164
3263
3165
3264
3166
3265
3167
3266
3168
3267
3169
3268
3170
3269
3171
3270
3172
3271
3173
3272
3174
3273
3175
3274
3176
3275
3177
3276
3178
3277
3179
3278
3180
3279
3181
3280
3182
3281
3183
3282
3184
3283
3185
3284
3186
3285
3187
3286
3188
3287
3189
3288
3190
3289
3191
3290
3192
3291
3193
3292
3194
3293
3195
3294
3196
3295
3197
3296
3198
3297
3199
3298
3299
3201
3300
3202
3301
3203
3302
3204
3303
3205
3304
3206
3305
3207
3306
3208
3307
3209
3308
3210
3309
3211
3310
3212
3311
3213
3312
3214
3313
3215
3314
3216
3315
3217
3316
3218
3317
3219
3318
3220
3319
3221
3320
3222
3321
3223
3322
3224
3323
3225
3324
3226
3325
3227
3326
3228
3327
3229
3328
3230
3329
3231
3330
3232
3331
3233
3332
3234
3333
3235
3334
3236
3335
3237
3336
3238
3337
3239
3338
3240
3339
3241
3340
3242
3341
3243
3342
3244
3343
3245
3344
3246
3345
3247
3346
3248
3347
3249
3348
3250
3349
3251
3350
3252
3351
3253
3352
3254
3353
3255
3354
3256
3355
3257
3356
3258
3357
3259
3358
3260
3359
3261
3360
3262
3361
3263
3362
3264
3363
3265
3364
3266
3365
3267
3366
3268
3367
3269
3368
3270
3369
3271
3370
3272
3371
3273
3372
3274
3373
3275
3374
3276
3375
3277
3376
3278
3377
3279
3378
3280
3379
3281
3380
3282
3381
3283
3382
3284
3383
3285
3384
3286
3385
3287
3386
3288
3387
3289
3388
3290
3389
3291
3390
3292
3391
3293
3392
3294
3393
3295
3394
3296
3395
3297
3396
3298
3397
3299
3398
3399
3301
3400
3302
3401
3303
3402
3304
3403
3305
3404
3306
3405
3307
3406
3308
3407
3309
3408
3310
3409
3311
3410
3312
3411
3313
3412
3314
3413
3315
3414
3316
3415
3317
3416
3318
3417
3319
3418
3320
3419
3321
3420
3322
3421
3323
3422
3324
3423
3325
3424
3326
3425
3327
3426
3328
3427
3329
3428
3330
3429
3331
3430
3332
3431
3333
3432
3334
3433
3335
3434
3336
3435
3337
3436
3338
3437
3339
3438
3340
3439
3341
3440
3342
3441
3343
3442
3344
3443
3345
3444
3346
3445
3347
3446
3348
3447
3349
3448
3350
3449
3351
3450
3352
3451
3353
3452
3354
3453
3355
3454
3356
3455
3357
3456
3358
3457
3359
3458
3360
3459
3361
3460
3362
3461
3363
3462
3364
3463
3365
3464
3366
3465
3367
3466
3368
3467
3369
3468
3370
3469
3371
3470
3372
3471
3373
3472
3374
3473
3375
3474
3376
3475
3377
3476
3378
3477
3379
3478
3380
3479
3381
3480
3382
3481
3383
3482
3384
3483
3385
3484
3386
3485
3387
3486
3388
3487
3389
3488
3390
3489
3391
3490
3392
3491
3393
3492
3394
3493
3395
3494
3396
3495
3397
3496
3398
3497
3399
3498
3499
3401
3500
3402
3501
3403
3502
3404
3503
3405
3504
3406
3505
3407
3506
3408
3507
3409
3508
3410
3509
3411
3510
3412
3511
3413
3512
3414
3513
3415
3514
3416
3515
3417
3516
3418
3517
3419
3518
3420
3519
3421
3520
3422
3521
3423
3522
3424
3523
3425
3524
3426
3525
3427
3526
3428
3527
3429
3528
3430
3529
3431
3530
3432
3531
3433
3532
3434
3533
3435
3534
3436
3535
3437
3536
3438
3537
3439
3538
3440
3539
3441
3540
3442
3541
3443
3542
3444
3543
3445
3544
3446
3545
3447
3546
3448
3547
3449
3548
3450
3549
3451
3550
3452
3551
3453
3552
3454
3553
3455
3554
3456
3555
3457
3556
3458
3557
3459
3558
3460
3559
3461
3560
3462
3561
3463
3562
3464
3563
3465
3564
3466
3565
3467
3566
3468
3567
3469
3568
3470
3569
3471
3570
3472
3571
3473
3572
3474
3573
3475
3574
3476
3575
3477
3576
3478
3577
3479
3578
3480
3579
3481
3580
3482
3581
3483
3582
3484
3583
3485
3584
3486
3585
3487
3586
3488
3587
3489
3588
3490
3589
3491
3590
3492
3591
3493
3592
3494
3593
3495
3594
3496
3595
3497
3596
3498
3597
3499
3598
3599
3501
3600
3502
3601
3503
3602
3504
3603
3505
3604
3506
3605
3507
3606
3508
3607
3509
3608
3510
3609
3511
3610
3512
3611
3513
3612
3514
3613
3515
3614
3516
3615
3517
3616
3518
3617
3519
3618
3520
3619
3521
3620
3522
3621
3523
3622
3524
3623
3525
3624
3526
3625
3527
3626
3528
3627
3529
3628
3530
3629
3531
3630
3532
3631
3533
3632
3534
3633
3535
3634
3536
3635
3537
3636
3538
3637
3539
3638
3540
3639
3541
3640
3542
3641
3543
3642
3544
3643
3545
3644
3546
3645
3547
3646
3548
3647
3549
3648
3550
3649
3551
3650
3552
3651
3553
3652
3554
3653
3555
3654
3556
3655
3557
3656
3558
3657
3559
3658
3560
3659
3561
3660
3562
3661
3563
3662
3564
3663
3565
3664
3566
3665
3567
3666
3568
3667
3569
3668
3570
3669
3571
3670
3572
3671
3573
3672
3574
3673
3575
3674
3576
3675
3577
3676
3578
3677
3579
3678
3580
3679
3581
3680
3582
3681
3583
3682
3584
3683
3585
3684
3586
3685
3587
3686
3588
3687
3589
3688
3590
3689
3591
3690
3592
3691
3593
3692
3594
3693
3595
3694
3596
3695
3597
3696
3598
3697
3599
3698
3699
3601
3700
3602
3701
3603
3702
3604
3703
3605
3704
3606
3705
3607
3706
3608
3707
3609
3708
3610
3709
3611
3710
3612
3711
3613
3712
3614
3713
3615
3714
3616
3715
3617
3716
3618
3717
3619
3718
3620
3719
3621
3720
3622
3721
3623
3722
3624
3723
3625
3724
3626
3725
3627
3726
3628
3727
3629
3728
3630
3729
3631
3730
3632
3731
3633
3732
3634
3733
3635
3734
3636
3735
3637
3736
3638
3737
3639
3738
3640
3739
3641
3740
3642
3741
3643
3742
3644
3743
3645
3744
3646
3745
3647
3746
3648
3747
3649
3748
3650
3749
3651
3750
3652
3751
3653
3752
3654
3753
3655
3754
3656
3755
3657
3756
3658
3757
3659
3758
3660
3759
3661
3760
3662
3761
3663
3762
3664
3763
3665
3764
3666
3765
3667
3766
3668
3767
3669
3768
3670
3769
3671
3770
3672
3771
3673
3772
3674
3773
3675
3774
3676
3775
3677
3776
3678
3777
3679
3778
3680
3779
3681
3780
3682
3781
3683
3782
3684
3783
3685
3784
3686
3785
3687
3786
3688
3787
3689
3788
3690
3789
3691
3790
3692
3791
3693
3792
3694
3793
3695
3794
3696
3795
3697
3796
3698
3797
3699
3798
3799
3701
3800
3702
3801
3703
3802
3704
3803
3705
3804
3706
3805
3707
3806
3708
3807
3709
3808
3710
3809
3711
3810
3712
3811
3713
3812
3714
3813
3715
3814
3716
3815
3717
3816
3718
3817
3719
3818
3720
3819
3721
3820
3722
3821
3723
3822
3724
3823
3725
3824
3726
3825
3727
3826
3728
3827
3729
3828
3730
3829
3731
3830
3732
3831
3733
3832
3734
3833
3735
3834
3736
3835
3737
3836
3738
3837
3739
3838
3740
3839
3741
3840
3742
3841
3743
3842
3744
3843
3745
3844
3746
3845
3747
3846
3748
3847
3749
3848
3750
3849
3751
3850
3752
3851
3753
3852
3754
3853
3755
3854
3756
3855
3757
3856
3758
3857
3759
3858
3760
3859
3761
3860
3762
3861
3763
3862
3764
3863
3765
3864
3766
3865
3767
3866
3768
3867
3769
3868
3770
3869
3771
3870
3772
3871
3773
3872
3774
3873
3775
3874
3776
3875
3777
3876
3778
3877
3779
3878
3780
3879
3781
3880
3782
3881
3783
3882
3784
3883
3785
3884
3786
3885
3787
3886
3788
3887
3789
3888
3790
3889
3791
3890
3792
3891
3793
3892
3794
3893
3795
3894
3796
3895
3797
3896
3798
3897
3799
3898
3899
3801
3900
3802
3901
3803
3902
3804
3903
3805
3904
3806
3905
3807
3906
3808
3907
3809
3908
3810
3909
3811
3910
3812
3911
3813
3912
3814
3913
3815
3914
3816
3915
3817
3916
3818
3917
3819
3918
3820
3919
3821
3920
3822
3921
3823
3922
3824
3923
3825
3924
3826
3925
3827
3926
3828
3927
3829
3928
3830
3929
3831
3930
3832
3931
3833
3932
3834
3933
3835
3934
3836
3935
3837
3936
3838
3937
3839
3938
3840
3939
3841
3940
3842
3941
3843
3942
3844
3943
3845
3944
3846
3945
3847
3946
3848
3947
3849
3948
3850
3949
3851
3950
3852
3951
3853
3952
3854
3953
3855
3954
3856
3955
3857
3956
3858
3957
3859
3958
3860
3959
3861
3960
3862
3961
3863
3962
3864
3963
3865
3964
3866
3965
3867
3966
3868
3967
3869
3968
3870
3969
3871
3970
3872
3971
3873
3972
3874
3973
3875
3974
3876
3975
3877
3976
3878
3977
3879
3978
3880
3979
3881
3980
3882
3981
3883
3982
3884
3983
3885
3984
3886
3985
3887
3986
3888
3987
3889
3988
3890
3989
3891
3990
3892
3991
3893
3992
3894
3993
3895
3994
3896
3995
3897
3996
3898
3997
3899
3998
3999
3901
4000
3902
4001
3903
4002
3904
4003
3905
4004
3906
4005
3907
4006
3908
4007
3909
4008
3910
4009
3911
4010
3912
4011
3913
4012
3914
4013
3915
4014
3916
4015
3917
4016
3918
4017
3919
4018
3920
4019
3921
4020
3922
4021
3923
4022
3924
4023
3925
4024
3926
4025
3927
4026
3928
4027
3929
4028
3930
4029
3931
4030
3932
4031
3933
4032
3934
4033
3935
4034
3936
4035
3937
4036
3938
4037
3939
4038
3940
4039
3941
4040
3942
4041
3943
4042
3944
4043
3945
4044
3946
4045
3947
4046
3948
4047
3949
4048
3950
4049
3951
4050
3952
4051
3953
4052
3954
4053
3955
4054
3956
4055
3957
4056
3958
4057
3959
4058
3960
4059
3961
4060
3962
4061
3963
4062
3964
4063
3965
4064
3966
4065
3967
4066
3968
4067
3969
4068
3970
4069
3971
4070
3972
4071
3973
4072
3974
4073
3975
4074
3976
4075
3977
4076
3978
4077
3979
4078
3980
4079
3981
4080
3982
4081
3983
4082
3984
4083
3985
4084
3986
4085
3987
4086
3988
4087
3989
4088
3990
4089
3991
4090
3992
4091
3993
4092
3994
4093
3995
4094
3996
4095
3997
4096
3998
4097
3999
4098
4099
4001
4100
4002
4101
4003
4102
4004
4103
4005
4104
4006
4105
4007
4106
4008
4107
4009
4108
4010
4109
4011
4110
4012
4111
4013
4112
4014
4113
4015
4114
4016
4115
4017
4116
4018
4117
4019
4118
4020
4119
4021
4120
4022
4121
4023
4122
4024
4123
4025
4124
4026
4125
4027
4126
4028
4127
4029
4128
4030
4129
4031
4130
4032
4131
4033
4132
4034
4133
4035
4134
4036
4135
4037
4136
4038
4137
4039
4138
4040
4139
4041
4140
4042
4141
4043
4142
4044
4143
4045
4144
4046
4145
4047
4146
4048
4147
4049
4148
4050
4149
4051
4150
4052
4151
4053
4152
4054
4153
4055
4154
4056
4155
4057
4156
4058
4157
4059
4158
4060
4159
4061
4160
4062
4161
4063
4162
4064
4163
4065
4164
4066
4165
4067
4166
4068
4167
4069
4168
4070
4169
4071
4170
4072
4171
4073
4172
4074
4173
4075
4174
4076
4175
4077
4176
4078
4177
4079
4178
4080
4179
4081
4180
4082
4181
4083
4182
4084
4183
4085
4184
4086
4185
4087
4186
4088
4187
4089
4188
4090
4189
4091
4190
4092
4191
4093
4192
4094
4193
4095
4194
4096
4195
4097
4196
4098
4197
4099
4198
4199
4101
4200
4102
4201
4103
4202
4104
4203
4105
4204
4106
4205
4107
4206
4108
4207
4109
4208
4110
4209
4111
4210
4112
4211
4113
4212
4114
4213
4115
4214
4116
4215
4117
4216
4118
4217
4119
4218
4120
4219
4121
4220
4122
4221
4123
4222
4124
4223
4125
4224
4126
4225
4127
4226
4128
4227
4129
4228
4130
4229
4131
4230
4132
4231
4133
4232
4134
4233
4135
4234
4136
4235
4137
4236
4138
4237
4139
4238
4140
4239
4141
4240
4142
4241
4143
4242
4144
4243
4145
4244
4146
4245
4147
4246
4148
4247
4149
4248
4150
4249
4151
4250
4152
4251
4153
4252
4154
4253
4155
4254
4156
4255
4157
4256
4158
4257
4159
4258
4160
4259
4161
4260
4162
4261
4163
4262
4164
4263
4165
4264
4166
4265
4167
4266
4168
4267
4169
4268
4170
4269
4171
4270
4172
4271
4173
4272
4174
4273
4175
4274
4176
4275
4177
4276
4178
4277
4179
4278
4180
4279
4181
4280
4182
4281
4183
4282
4184
4283
4185
4284
4186
4285
4187
4286
4188
4287
4189
4288
4190
4289
4191
4290
4192
4291
4193
4292
4194
4293
4195
4294
4196
4295
4197
4296
4198
4297
4199
4298
4299
4201
4300
4202
4301
4203
4302
4204
4303
4205
4304
4206
4305
4207
4306
4208
4307
4209
4308
4210
4309
4211
4310
4212
4311
4213
4312
4214
4313
4215
4314
4216
4315
4217
4316
4218
4317
4219
4318
4220
4319
4221
4320
4222
4321
4223
4322
4224
4323
4225
4324
4226
4325
4227
4326
4228
4327
4229
4328
4230
4329
4231
4330
4232
4331
4233
4332
4234
4333
4235
4334
4236
4335
4237
4336
4238
4337
4239
4338
4240
4339
4241
4340
4242
4341
4243
4342
4244
4343
4245
4344
4246
4345
4247
4346
4248
4347
4249
4348
4250
4349
4251
4350
4252
4351
4253
4352
4254
4353
4255
4354
4256
4355
4257
4356
4258
4357
4259
4358
4260
4359
4261
4360
4262
4361
4263
4362
4264
4363
4265
4364
4266
4365
4267
4366
4268
4367
4269
4368
4270
4369
4271
4370
4272
4371
4273
4372
4274
4373
4275
4374
4276
4375
4277
4376
4278
4377
4279
4378
4280
4379
4281
4380
4282
4381
4283
4382
4284
4383
4285
4384
4286
4385
4287
4386
4288
4387
4289
4388
4290
4389
4291
4390
4292
4391
4293
4392
4294
4393
4295
4394
4296
4395
4297
4396
4298
4397
4299
4398
4399
4301
4400
4302
4401
4303
4402
4304
4403
4305
4404
4306
4405
4307
4406
4308
4407
4309
4408
4310
4409
4311
4410
4312
4411
4313
4412
4314
4413
4315
4414
4316
4415
4317
4416
4318
4417
4319
4418
4320
4419
4321
4420
4322
4421
4323
4422
4324
4423
4325
4424
4326
4425
4327
4426
4328
4427
4329
4428
4330
4429
4331
4430
4332
4431
4333
4432
4334
4433
4335
4434
4336
4435
4337
4436
4338
4437
4339
4438
4340
4439
4341
4440
4342
4441
4343
4442
4344
4443
4345
4444
4346
4445
4347
4446
4348
4447
4349
4448
4350
4449
4351
4450
4352
4451
4353
4452
4354
4453
4355
4454
4356
4455
4357
4456
4358
4457
4359
4458
4360
4459
4361
4460
4362
4461
4363
4462
4364
4463
4365
4464
4366
4465
4367
4466
4368
4467
4369
4468
4370
4469
4371
4470
4372
4471
4373
4472
4374
4473
4375
4474
4376
4475
4377
4476
4378
4477
4379
4478
4380
4479
4381
4480
4382
4481
4383
4482
4384
4483
4385
4484
4386
4485
4387
4486
4388
4487
4389
4488
4390
4489
4391
4490
4392
4491
4393
4492
4394
4493
4395
4494
4396
4495
4397
4496
4398
4497
4399
4498
4499
4401
4500
4402
4501
4403
4502
4404
4503
4405
4504
4406
4505
4407
4506
4408
4507
4409
4508
4410
4509
4411
4510
4412
4511
4413
4512
4414
4513
4415
4514
4416
4515
4417
4516
4418
4517
4419
4518
4420
4519
4421
4520
4422
4521
4423
4522
4424
4523
4425
4524
4426
4525
4427
4526
4428
4527
4429
4528
4430
4529
4431
4530
4432
4531
4433
4532
4434
4533
4435
4534
4436
4535
4437
4536
4438
4537
4439
4538
4440
4539
4441
4540
4442
4541
4443
4542
4444
4543
4445
4544
4446
4545
4447
4546
4448
4547
4449
4548
4450
4549
4451
4550
4452
4551
4453
4552
4454
4553
4455
4554
4456
4555
4457
4556
4458
4557
4459
4558
4460
4559
4461
4560
4462
4561
4463
4562
4464
4563
4465
4564
4466
4565
4467
4566
4468
4567
4469
4568
4470
4569
4471
4570
4472
4571
4473
4572
4474
4573
4475
4574
4476
4575
4477
4576
4478
4577
4479
4578
4480
4579
4481
4580
4482
4581
4483
4582
4484
4583
4485
4584
4486
4585
4487
4586
4488
4587
4489
4588
4490
4589
4491
4590
4492
4591
4493
4592
4494
4593
4495
4594
4496
4595
4497
4596
4498
4597
4499
4598
4599
4501
4600
4502
4601
4503
4602
4504
4603
4505
4604
4506
4605
4507
4606
4508
4607
4509
4608
4510
4609
4511
4610
4512
4611
4513
4612
4514
4613
4515
4614
4516
4615
4517
4616
4518
4617
4519
4618
4520
4619
4521
4620
4522
4621
4523
4622
4524
4623
4525
4624
4526
4625
4527
4626
4528
4627
4529
4628
4530
4629
4531
4630
4532
4631
4533
4632
4534
4633
4535
4634
4536
4635
4537
4636
4538
4637
4539
4638
4540
4639
4541
4640
4542
4641
4543
4642
4544
4643
4545
4644
4546
4645
4547
4646
4548
4647
4549
4648
4550
4649
4551
4650
4552
4651
4553
4652
4554
4653
4555
4654
4556
4655
4557
4656
4558
4657
4559
4658
4560
4659
4561
4660
4562
4661
4563
4662
4564
4663
4565
4664
4566
4665
4567
4666
4568
4667
4569
4668
4570
4669
4571
4670
4572
4671
4573
4672
4574
4673
4575
4674
4576
4675
4577
4676
4578
4677
4579
4678
4580
4679
4581
4680
4582
4681
4583
4682
4584
4683
4585
4684
4586
4685
4587
4686
4588
4687
4589
4688
4590
4689
4591
4690
4592
4691
4593
4692
4594
4693
4595
4694
4596
4695
4597
4696
4598
4697
4599
4698
4699
4601
4700
4602
4701
4603
4702
4604
4703
4605
4704
4606
4705
4607
4706
4608
4707
4609
4708
4610
4709
4611
4710
4612
4711
4613
4712
4614
4713
4615
4714
4616
4715
4617
4716
4618
4717
4619
4718
4620
4719
4621
4720
4622
4721
4623
4722
4624
4723
4625
4724
4626
4725
4627
4726
4628
4727
4629
4728
4630
4729
4631
4730
4632
4731
4633
4732
4634
4733
4635
4734
4636
4735
4637
4736
4638
4737
4639
4738
4640
4739
4641
4740
4642
4741
4643
4742
4644
4743
4645
4744
4646
4745
4647
4746
4648
4747
4649
4748
4650
4749
4651
4750
4652
4751
4653
4752
4654
4753
4655
4754
4656
4755
4657
4756
4658
4757
4659
4758
4660
4759
4661
4760
4662
4761
4663
4762
4664
4763
4665
4764
4666
4765
4667
4766
4668
4767
4669
4768
4670
4769
4671
4770
4672
4771
4673
4772
4674
4773
4675
4774
4676
4775
4677
4776
4678
4777
4679
4778
4680
4779
4681
4780
4682
4781
4683
4782
4684
4783
4685
4784
4686
4785
4687
4786
4688
4787
4689
4788
4690
4789
4691
4790
4692
4791
4693
4792
4694
4793
4695
4794
4696
4795
4697
4796
4698
4797
4699
4798
4799
4701
4800
4702
4801
4703
4802
4704
4803
4705
4804
4706
4805
4707
4806
4708
4807
4709
4808
4710
4809
4711
4810
4712
4811
4713
4812
4714
4813
4715
4814
4716
4815
4717
4816
4718
4817
4719
4818
4720
4819
4721
4820
4722
4821
4723
4822
4724
4823
4725
4824
4726
4825
4727
4826
4728
4827
4729
4828
4730
4829
4731
4830
4732
4831
4733
4832
4734
4833
4735
4834
4736
4835
4737
4836
4738
4837
4739
4838
4740
4839
4741
4840
4742
4841
4743
4842
4744
4843
4745
4844
4746
4845
4747
4846
4748
4847
4749
4848
4750
4849
4751
4850
4752
4851
4753
4852
4754
4853
4755
4854
4756
4855
4757
4856
4758
4857
4759
4858
4760
4859
4761
4860
4762
4861
4763
4862
4764
4863
4765
4864
4766
4865
4767
4866
4768
4867
4769
4868
4770
4869
4771
4870
4772
4871
4773
4872
4774
4873
4775
4874
4776
4875
4777
4876
4778
4877
4779
4878
4780
4879
4781
4880
4782
4881
4783
4882
4784
4883
4785
4884
4786
4885
4787
4886
4788
4887
4789
4888
4790
4889
4791
4890
4792
4891
4793
4892
4794
4893
4795
4894
4796
4895
4797
4896
4798
4897
4799
4898
4899
4801
4900
4802
4901
4803
4902
4804
4903
4805
4904
4806
4905
4807
4906
4808
4907
4809
4908
4810
4909
4811
4910
4812
4911
4813
4912
4814
4913
4815
4914
4816
4915
4817
4916
4818
4917
4819
4918
4820
4919
4821
4920
4822
4921
4823
4922
4824
4923
4825
4924
4826
4925
4827
4926
4828
4927
4829
4928
4830
4929
4831
4930
4832
4931
4833
4932
4834
4933
4835
4934
4836
4935
4837
4936
4838
4937
4839
4938
4840
4939
4841
4940
4842
4941
4843
4942
4844
4943
4845
4944
4846
4945
4847
4946
4848
4947
4849
4948
4850
4949
4851
4950
4852
4951
4853
4952
4854
4953
4855
4954
4856
4955
4857
4956
4858
4957
4859
4958
4860
4959
4861
4960
4862
4961
4863
4962
4864
4963
4865
4964
4866
4965
4867
4966
4868
4967
4869
4968
4870
4969
4871
4970
4872
4971
4873
4972
4874
4973
4875
4974
4876
4975
4877
4976
4878
4977
4879
4978
4880
4979
4881
4980
4882
4981
4883
4982
4884
4983
4885
4984
4886
4985
4887
4986
4888
4987
4889
4988
4890
4989
4891
4990
4892
4991
4893
4992
4894
4993
4895
4994
4896
4995
4897
4996
4898
4997
4899
4998
4999
4901
5000
4902
5001
4903
5002
4904
5003
4905
5004
4906
5005
4907
5006
4908
5007
4909
5008
4910
5009
4911
5010
4912
5011
4913
5012
4914
5013
4915
5014
4916
5015
4917
5016
4918
5017
4919
5018
4920
5019
4921
5020
4922
5021
4923
5022
4924
5023
4925
5024
4926
5025
4927
5026
4928
5027
4929
5028
4930
5029
4931
5030
4932
5031
4933
5032
4934
5033
4935
5034
4936
5035
4937
5036
4938
5037
4939
5038
4940
5039
4941
5040
4942
5041
4943
5042
4944
5043
4945
5044
4946
5045
4947
5046
4948
5047
4949
5048
4950
5049
4951
5050
4952
5051
4953
5052
4954
5053
4955
5054
4956
5055
4957
5056
4958
5057
4959
5058
4960
5059
4961
5060
4962
5061
4963
5062
4964
5063
4965
5064
4966
5065
4967
5066
4968
5067
4969
5068
4970
5069
4971
5070
4972
5071
4973
5072
4974
5073
4975
5074
4976
5075
4977
5076
4978
5077
4979
5078
4980
5079
4981
5080
4982
5081
4983
5082
4984
5083
4985
5084
4986
5085
4987
5086
4988
5087
4989
5088
4990
5089
4991
5090
4992
5091
4993
5092
4994
5093
4995
5094
4996
5095
4997
5096
4998
5097
4999
5098
5099
5001
5100
5002
5101
5003
5102
5004
5103
5005
5104
5006
5105
5007
5106
5008
5107
5009
5108
5010
5109
5011
5110
5012
5111
5013
5112
5014
5113
5015
5114
5016
5115
5017
5116
5018
5117
5019
5118
5020
5119
5021
5120
5022
5121
5023
5122
5024
5123
5025
5124
5026
5125
5027
5126
5028
5127
5029
5128
5030
5129
5031
5130
5032
5131
5033
5132
5034
5133
5035
5134
5036
5135
5037
5136
5038
5137
5039
5138
5040
5139
5041
5140
5042
5141
5043
5142
5044
5143
5045
5144
5046
5145
5047
5146
5048
5147
5049
5148
5050
5149
5051
5150
5052
5151
5053
5152
5054
5153
5055
5154
5056
5155
5057
5156
5058
5157
5059
5158
5060
5159
5061
5160
5062
5161
5063
5162
5064
5163
5065
5164
5066
5165
5067
5166
5068
5167
5069
5168
5070
5169
5071
5170
5072
5171
5073
5172
5074
5173
5075
5174
5076
5175
5077
5176
5078
5177
5079
5178
5080
5179
5081
5180
5082
5181
5083
5182
5084
5183
5085
5184
5086
5185
5087
5186
5088
5187
5089
5188
5090
5189
5091
5190
5092
5191
5093
5192
5094
5193
5095
5194
5096
5195
5097
5196
5098
5197
5099
5198
5199
5101
5200
5102
5201
5103
5202
5104
5203
5105
5204
5106
5205
5107
5206
5108
5207
5109
5208
5110
5209
5111
5210
5112
5211
5113
5212
5114
5213
5115
5214
5116
5215
5117
5216
5118
5217
5119
5218
5120
5219
5121
5220
5122
5221
5123
5222
5124
5223
5125
5224
5126
5225
5127
5226
5128
5227
5129
5228
5130
5229
5131
5230
5132
5231
5133
5232
5134
5233
5135
5234
5136
5235
5137
5236
5138
5237
5139
5238
5140
5239
5141
5240
5142
5241
5143
5242
5144
5243
5145
5244
5146
5245
5147
5246
5148
5247
5149
5248
5150
5249
5151
5250
5152
5251
5153
5252
5154
5253
5155
5254
5156
5255
5157
5256
5158
5257
5159
5258
5160
5259
5161
5260
5162
5261
5163
5262
5164
5263
5165
5264
5166
5265
5167
5266
5168
5267
5169
5268
5170
5269
5171
5270
5172
5271
5173
5272
5174
5273
5175
5274
5176
5275
5177
5276
5178
5277
5179
5278
5180
5279
5181
5280
5182
5281
5183
5282
5184
5283
5185
5284
5186
5285
5187
5286
5188
5287
5189
5288
5190
5289
5191
5290
5192
5291
5193
5292
5194
5293
5195
5294
5196
5295
5197
5296
5198
5297
5199
5298
5299
5201
5300
5202
5301
5203
5302
5204
5303
5205
5304
5206
5305
5207
5306
5208
5307
5209
5308
5210
5309
5211
5310
5212
5311
5213
5312
5214
5313
5215
5314
5216
5315
5217
5316
5218
5317
5219
5318
5220
5319
5221
5320
5222
5321
5223
5322
5224
5323
5225
5324
5226
5325
5227
5326
5228
5327
5229
5328
5230
5329
5231
5330
5232
5331
5233
5332
5234
5333
5235
5334
5236
5335
5237
5336
5238
5337
5239
5338
5240
5339
5241
5340
5242
5341
5243
5342
5244
5343
5245
5344
5246
5345
5247
5346
5248
5347
5249
5348
5250
5349
5251
5350
5252
5351
5253
5352
5254
5353
5255
5354
5256
5355
5257
5356
5258
5357
5259
5358
5260
5359
5261
5360
5262
5361
5263
5362
5264
5363
5265
5364
5266
5365
5267
5366
5268
5367
5269
5368
5270
5369
5271
5370
5272
5371
5273
5372
5274
5373
5275
5374
5276
5375
5277
5376
5278
5377
5279
5378
5280
5379
5281
5380
5282
5381
5283
5382
5284
5383
5285
5384
5286
5385
5287
5386
5288
5387
5289
5388
5290
5389
5291
5390
5292
5391
5293
5392
5294
5393
5295
5394
5296
5395
5297
5396
5298
5397
5299
5398
5399
5301
5400
5302
5401
5303
5402
5304
5403
5305
5404
5306
5405
5307
5406
5308
5407
5309
5408
5310
5409
5311
5410
5312
5411
5313
5412
5314
5413
5315
5414
5316
5415
5317
5416
5318
5417
5319
5418
5320
5419
5321
5420
5322
5421
5323
5422
5324
5423
5325
5424
5326
5425
5327
5426
5328
5427
5329
5428
5330
5429
5331
5430
5332
5431
5333
5432
5334
5433
5335
5434
5336
5435
5337
5436
5338
5437
5339
5438
5340
5439
5341
5440
5342
5441
5343
5442
5344
5443
5345
5444
5346
5445
5347
5446
5348
5447
5349
5448
5350
5449
5351
5450
5352
5451
5353
5452
5354
5453
5355
5454
5356
5455
5357
5456
5358
5457
5359
5458
5360
5459
5361
5460
5362
5461
5363
5462
5364
5463
5365
5464
5366
5465
5367
5466
5368
5467
5369
5468
5370
5469
5371
5470
5372
5471
5373
5472
5374
5473
5375
5474
5376
5475
5377
5476
5378
5477
5379
5478
5380
5479
5381
5480
5382
5481
5383
5482
5384
5483
5385
5484
5386
5485
5387
5486
5388
5487
5389
5488
5390
5489
5391
5490
5392
5491
5393
5492
5394
5493
5395
5494
5396
5495
5397
5496
5398
5497
5399
5498
5499
5401
5500
5402
5501
5403
5502
5404
5503
5405
5504
5406
5505
5407
5506
5408
5507
5409
5508
5410
5509
5411
5510
5412
5511
5413
5512
5414
5513
5415
5514
5416
5515
5417
5516
5418
5517
5419
5518
5420
5519
5421
5520
5422
5521
5423
5522
5424
5523
5425
5524
5426
5525
5427
5526
5428
5527
5429
5528
5430
5529
5431
5530
5432
5531
5433
5532
5434
5533
5435
5534
5436
5535
5437
5536
5438
5537
5439
5538
5440
5539
5441
5540
5442
5541
5443
5542
5444
5543
5445
5544
5446
5545
5447
5546
5448
5547
5449
5548
5450
5549
5451
5550
5452
5551
5453
5552
5454
5553
5455
5554
5456
5555
5457
5556
5458
5557
5459
5558
5460
5559
5461
5560
5462
5561
5463
5562
5464
5563
5465
5564
5466
5565
5467
5566
5468
5567
5469
5568
5470
5569
5471
5570
5472
5571
5473
5572
5474
5573
5475
5574
5476
5575
5477
5576
5478
5577
5479
5578
5480
5579
5481
5580
5482
5581
5483
5582
5484
5583
5485
5584
5486
5585
5487
5586
5488
5587
5489
5588
5490
5589
5491
5590
5492
5591
5493
5592
5494
5593
5495
5594
5496
5595
5497
5596
5498
5597
5499
5598
5599
5501
5600
5502
5601
5503
5602
5504
5603
5505
5604
5506
5605
5507
5606
5508
5607
5509
5608
5510
5609
5511
5610
5512
5611
5513
5612
5514
5613
5515
5614
5516
5615
5517
5616
5518
5617
5519
5618
5520
5619
5521
5620
5522
5621
5523
5622
5524
5623
5525
5624
5526
5625
5527
5626
5528
5627
5529
5628
5530
5629
5531
5630
5532
5631
5533
5632
5534
5633
5535
5634
5536
5635
5537
5636
5538
5637
5539
5638
5540
5639
5541
5640
5542
5641
5543
5642
5544
5643
5545
5644
5546
5645
5547
5646
5548
5647
5549
5648
5550
5649
5551
5650
5552
5651
5553
5652
5554
5653
5555
5654
5556
5655
5557
5656
5558
5657
5559
5658
5560
5659
5561
5660
5562
5661
5563
5662
5564
5663
5565
5664
5566
5665
5567
5666
5568
5667
5569
5668
5570
5669
5571
5670
5572
5671
5573
5672
5574
5673
5575
5674
5576
5675
5577
5676
5578
5677
5579
5678
5580
5679
5581
5680
5582
5681
5583
5682
5584
5683
5585
5684
5586
5685
5587
5686
5588
5687
5589
5688
5590
5689
5591
5690
5592
5691
5593
5692
5594
5693
5595
5694
5596
5695
5597
5696
5598
5697
5599
5698
5699
5601
5700
5602
5701
5603
5702
5604
5703
5605
5704
5606
5705
5607
5706
5608
5707
5609
5708
5610
5709
5611
5710
5612
5711
5613
5712
5614
5713
5615
5714
5616
5715
5617
5716
5618
5717
5619
5718
5620
5719
5621
5720
5622
5721
5623
5722
5624
5723
5625
5724
5626
5725
5627
5726
5628
5727
5629
5728
5630
5729
5631
5730
5632
5731
5633
5732
5634
5733
5635
5734
5636
5735
5637
5736
5638
5737
5639
5738
5640
5739
5641
5740
5642
5741
5643
5742
5644
5743
5645
5744
5646
5745
5647
5746
5648
5747
5649
5748
5650
5749
5651
5750
5652
5751
5653
5752
5654
5753
5655
5754
5656
5755
5657
5756
5658
5757
5659
5758
5660
5759
5661
5760
5662
5761
5663
5762
5664
5763
5665
5764
5666
5765
5667
5766
5668
5767
5669
5768
5670
5769
5671
5770
5672
5771
5673
5772
5674
5773
5675
5774
5676
5775
5677
5776
5678
5777
5679
5778
5680
5779
5681
5780
5682
5781
5683
5782
5684
5783
5685
5784
5686
5785
5687
5786
5688
5787
5689
5788
5690
5789
5691
5790
5692
5791
5693
5792
5694
5793
5695
5794
5696
5795
5697
5796
5698
5797
5699
5798
5799
5701
5800
5702
5801
5703
5802
5704
5803
5705
5804
5706
5805
5707
5806
5708
5807
5709
5808
5710
5809
5711
5810
5712
5811
5713
5812
5714
5813
5715
5814
5716
5815
5717
5816
5718
5817
5719
5818
5720
5819
5721
5820
5722
5821
5723
5822
5724
5823
5725
5824
5726
5825
5727
5826
5728
5827
5729
5828
5730
5829
5731
5830
5732
5831
5733
5832
5734
5833
5735
5834
5736
5835
5737
5836
5738
5837
5739
5838
5740
5839
5741
5840
5742
5841
5743
5842
5744
5843
5745
5844
5746
5845
5747
5846
5748
5847
5749
5848
5750
5849
5751
5850
5752
5851
5753
5852
5754
5853
5755
5854
5756
5855
5757
5856
5758
5857
5759
5858
5760
5859
5761
5860
5762
5861
5763
5862
5764
5863
5765
5864
5766
5865
5767
5866
5768
5867
5769
5868
5770
5869
5771
5870
5772
5871
5773
5872
5774
5873
5775
5874
5776
5875
5777
5876
5778
5877
5779
5878
5780
5879
5781
5880
5782
5881
5783
5882
5784
5883
5785
5884
5786
5885
5787
5886
5788
5887
5789
5888
5790
5889
5791
5890
5792
5891
5793
5892
5794
5893
5795
5894
5796
5895
5797
5896
5798
5897
5799
5898
5899
5801
5900
5802
5901
5803
5902
5804
5903
5805
5904
5806
5905
5807
5906
5808
5907
5809
5908
5810
5909
5811
5910
5812
5911
5813
5912
5814
5913
5815
5914
5816
5915
5817
5916
5818
5917
5819
5918
5820
5919
5821
5920
5822
5921
5823
5922
5824
5923
5825
5924
5826
5925
5827
5926
5828
5927
5829
5928
5830
5929
5831
5930
5832
5931
5833
5932
5834
5933
5835
5934
5836
5935
5837
5936
5838
5937
5839
5938
5840
5939
5841
5940
5842
5941
5843
5942
5844
5943
5845
5944
5846
5945
5847
5946
5848
5947
5849
5948
5850
5949
5851
5950
5852
5951
5853
5952
5854
5953
5855
5954
5856
5955
5857
5956
5858
5957
5859
5958
5860
5959
5861
5960
5862
5961
5863
5962
5864
5963
5865
5964
5866
5965
5867
5966
5868
5967
5869
5968
5870
5969
5871
5970
5872
5971
5873
5972
5874
5973
5875
5974
5876
5975
5877
5976
5878
5977
5879
5978
5880
5979
5881
5980
5882
5981
5883
5982
5884
5983
5885
5984
5886
5985
5887
5986
5888
5987
5889
5988
5890
5989
5891
5990
5892
5991
5893
5992
5894
5993
5895
5994
5896
5995
5897
5996
5898
5997
5899
5998
5999
5901
6000
5902
6001
5903
6002
5904
6003
5905
6004
5906
6005
5907
6006
5908
6007
5909
6008
5910
6009
5911
6010
5912
6011
5913
6012
5914
6013
5915
6014
5916
6015
5917
6016
5918
6017
5919
6018
5920
6019
5921
6020
5922
6021
5923
6022
5924
6023
5925
6024
5926
6025
5927
6026
5928
6027
5929
6028
5930
6029
5931
6030
5932
6031
5933
6032
5934
6033
5935
6034
5936
6035
5937
6036
5938
6037
5939
6038
5940
6039
5941
6040
5942
6041
5943
6042
5944
6043
5945
6044
5946
6045
5947
6046
5948
6047
5949
6048
5950
6049
5951
6050
5952
6051
5953
6052
5954
6053
5955
6054
5956
6055
5957
6056
5958
6057
5959
6058
5960
6059
5961
6060
5962
6061
5963
6062
5964
6063
5965
6064
5966
6065
5967
6066
5968
6067
5969
6068
5970
6069
5971
6070
5972
6071
5973
6072
5974
6073
5975
6074
5976
6075
5977
6076
5978
6077
5979
6078
5980
6079
5981
6080
5982
6081
5983
6082
5984
6083
5985
6084
5986
6085
5987
6086
5988
6087
5989
6088
5990
6089
5991
6090
5992
6091
5993
6092
5994
6093
5995
6094
5996
6095
5997
6096
5998
6097
5999
6098
6099
6001
6100
6002
6101
6003
6102
6004
6103
6005
6104
6006
6105
6007
6106
6008
6107
6009
6108
6010
6109
6011
6110
6012
6111
6013
6112
6014
6113
6015
6114
6016
6115
6017
6116
6018
6117
6019
6118
6020
6119
6021
6120
6022
6121
6023
6122
6024
6123
6025
6124
6026
6125
6027
6126
6028
6127
6029
6128
6030
6129
6031
6130
6032
6131
6033
6132
6034
6133
6035
6134
6036
6135
6037
6136
6038
6137
6039
6138
6040
6139
6041
6140
6042
6141
6043
6142
6044
6143
6045
6144
6046
6145
6047
6146
6048
6147
6049
6148
6050
6149
6051
6150
6052
6151
6053
6152
6054
6153
6055
6154
6056
6155
6057
6156
6058
6157
6059
6158
6060
6159
6061
6160
6062
6161
6063
6162
6064
6163
6065
6164
6066
6165
6067
6166
6068
6167
6069
6168
6070
6169
6071
6170
6072
6171
6073
6172
6074
6173
6075
6174
6076
6175
6077
6176
6078
6177
6079
6178
6080
6179
6081
6180
6082
6181
6083
6182
6084
6183
6085
6184
6086
6185
6087
6186
6088
6187
6089
6188
6090
6189
6091
6190
6092
6191
6093
6192
6094
6193
6095
6194
6096
6195
6097
6196
6098
6197
6099
6198
6199
6101
6200
6102
6201
6103
6202
6104
6203
6105
6204
6106
6205
6107
6206
6108
6207
6109
6208
6110
6209
6111
6210
6112
6211
6113
6212
6114
6213
6115
6214
6116
6215
6117
6216
6118
6217
6119
6218
6120
6219
6121
6220
6122
6221
6123
6222
6124
6223
6125
6224
6126
6225
6127
6226
6128
6227
6129
6228
6130
6229
6131
6230
6132
6231
6133
6232
6134
6233
6135
6234
6136
6235
6137
6236
6138
6237
6139
6238
6140
6239
6141
6240
6142
6241
6143
6242
6144
6243
6145
6244
6146
6245
6147
6246
6148
6247
6149
6248
6150
6249
6151
6250
6152
6251
6153
6252
6154
6253
6155
6254
6156
6255
6157
6256
6158
6257
6159
6258
6160
6259
6161
6260
6162
6261
6163
6262
6164
6263
6165
6264
6166
6265
6167
6266
6168
6267
6169
6268
6170
6269
6171
6270
6172
6271
6173
6272
6174
6273
6175
6274
6176
6275
6177
6276
6178
6277
6179
6278
6180
6279
6181
6280
6182
6281
6183
6282
6184
6283
6185
6284
6186
6285
6187
6286
6188
6287
6189
6288
6190
6289
6191
6290
6192
6291
6193
6292
6194
6293
6195
6294
6196
6295
6197
6296
6198
6297
6199
6298
6299
6201
6300
6202
6301
6203
6302
6204
6303
6205
6304
6206
6305
6207
6306
6208
6307
6209
6308
6210
6309
6211
6310
6212
6311
6213
6312
6214
6313
6215
6314
6216
6315
6217
6316
6218
6317
6219
6318
6220
6319
6221
6320
6222
6321
6223
6322
6224
6323
6225
6324
6226
6325
6227
6326
6228
6327
6229
6328
6230
6329
6231
6330
6232
6331
6233
6332
6234
6333
6235
6334
6236
6335
6237
6336
6238
6337
6239
6338
6240
6339
6241
6340
6242
6341
6243
6342
6244
6343
6245
6344
6246
6345
6247
6346
6248
6347
6249
6348
6250
6349
6251
6350
6252
6351
6253
6352
6254
6353
6255
6354
6256
6355
6257
6356
6258
6357
6259
6358
6260
6359
6261
6360
6262
6361
6263
6362
6264
6363
6265
6364
6266
6365
6267
6366
6268
6367
6269
6368
6270
6369
6271
6370
6272
6371
6273
6372
6274
6373
6275
6374
6276
6375
6277
6376
6278
6377
6279
6378
6280
6379
6281
6380
6282
6381
6283
6382
6284
6383
6285
6384
6286
6385
6287
6386
6288
6387
6289
6388
6290
6389
6291
6390
6292
6391
6293
6392
6294
6393
6295
6394
6296
6395
6297
6396
6298
6397
6299
6398
6399
6301
6400
6302
6401
6303
6402
6304
6403
6305
6404
6306
6405
6307
6406
6308
6407
6309
6408
6310
6409
6311
6410
6312
6411
6313
6412
6314
6413
6315
6414
6316
6415
6317
6416
6318
6417
6319
6418
6320
6419
6321
6420
6322
6421
6323
6422
6324
6423
6325
6424
6326
6425
6327
6426
6328
6427
6329
6428
6330
6429
6331
6430
6332
6431
6333
6432
6334
6433
6335
6434
6336
6435
6337
6436
6338
6437
6339
6438
6340
6439
6341
6440
6342
6441
6343
6442
6344
6443
6345
6444
6346
6445
6347
6446
6348
6447
6349
6448
6350
6449
6351
6450
6352
6451
6353
6452
6354
6453
6355
6454
6356
6455
6357
6456
6358
6457
6359
6458
6360
6459
6361
6460
6362
6461
6363
6462
6364
6463
6365
6464
6366
6465
6367
6466
6368
6467
6369
6468
6370
6469
6371
6470
6372
6471
6373
6472
6374
6473
6375
6474
6376
6475
6377
6476
6378
6477
6379
6478
6380
6479
6381
6480
6382
6481
6383
6482
6384
6483
6385
6484
6386
6485
6387
6486
6388
6487
6389
6488
6390
6489
6391
6490
6392
6491
6393
6492
6394
6493
6395
6494
6396
6495
6397
6496
6398
6497
6399
6498
6499
6401
6500
6402
6501
6403
6502
6404
6503
6405
6504
6406
6505
6407
6506
6408
6507
6409
6508
6410
6509
6411
6510
6412
6511
6413
6512
6414
6513
6415
6514
6416
6515
6417
6516
6418
6517
6419
6518
6420
6519
6421
6520
6422
6521
6423
6522
6424
6523
6425
6524
6426
6525
6427
6526
6428
6527
6429
6528
6430
6529
6431
6530
6432
6531
6433
6532
6434
6533
6435
6534
6436
6535
6437
6536
6438
6537
6439
6538
6440
6539
6441
6540
6442
6541
6443
6542
6444
6543
6445
6544
6446
6545
6447
6546
6448
6547
6449
6548
6450
6549
6451
6550
6452
6551
6453
6552
6454
6553
6455
6554
6456
6555
6457
6556
6458
6557
6459
6558
6460
6559
6461
6560
6462
6561
6463
6562
6464
6563
6465
6564
6466
6565
6467
6566
6468
6567
6469
6568
6470
6569
6471
6570
6472
6571
6473
6572
6474
6573
6475
6574
6476
6575
6477
6576
6478
6577
6479
6578
6480
6579
6481
6580
6482
6581
6483
6582
6484
6583
6485
6584
6486
6585
6487
6586
6488
6587
6489
6588
6490
6589
6491
6590
6492
6591
6493
6592
6494
6593
6495
6594
6496
6595
6497
6596
6498
6597
6499
6598
6599
6501
6600
6502
6601
6503
6602
6504
6603
6505
6604
6506
6605
6507
6606
6508
6607
6509
6608
6510
6609
6511
6610
6512
6611
6513
6612
6514
6613
6515
6614
6516
6615
6517
6616
6518
6617
6519
6618
6520
6619
6521
6620
6522
6621
6523
6622
6524
6623
6525
6624
6526
6625
6527
6626
6528
6627
6529
6628
6530
6629
6531
6630
6532
6631
6533
6632
6534
6633
6535
6634
6536
6635
6537
6636
6538
6637
6539
6638
6540
6639
6541
6640
6542
6641
6543
6642
6544
6643
6545
6644
6546
6645
6547
6646
6548
6647
6549
6648
6550
6649
6551
6650
6552
6651
6553
6652
6554
6653
6555
6654
6556
6655
6557
6656
6558
6657
6559
6658
6560
6659
6561
6660
6562
6661
6563
6662
6564
6663
6565
6664
6566
6665
6567
6666
6568
6667
6569
6668
6570
6669
6571
6670
6572
6671
6573
6672
6574
6673
6575
6674
6576
6675
6577
6676
6578
6677
6579
6678
6580
6679
6581
6680
6582
6681
6583
6682
6584
6683
6585
6684
6586
6685
6587
6686
6588
6687
6589
6688
6590
6689
6591
6690
6592
6691
6593
6692
6594
6693
6595
6694
6596
6695
6597
6696
6598
6697
6599
6698
6699
6601
6700
6602
6701
6603
6702
6604
6703
6605
6704
6606
6705
6607
6706
6608
6707
6609
6708
6610
6709
6611
6710
6612
6711
6613
6712
6614
6713
6615
6714
6616
6715
6617
6716
6618
6717
6619
6718
6620
6719
6621
6720
6622
6721
6623
6722
6624
6723
6625
6724
6626
6725
6627
6726
6628
6727
6629
6728
6630
6729
6631
6730
6632
6731
6633
6732
6634
6733
6635
6734
6636
6735
6637
6736
6638
6737
6639
6738
6640
6739
6641
6740
6642
6741
6643
6742
6644
6743
6645
6744
6646
6745
6647
6746
6648
6747
6649
6748
6650
6749
6651
6750
6652
6751
6653
6752
6654
6753
6655
6754
6656
6755
6657
6756
6658
6757
6659
6758
6660
6759
6661
6760
6662
6761
6663
6762
6664
6763
6665
6764
6666
6765
6667
6766
6668
6767
6669
6768
6670
6769
6671
6770
6672
6771
6673
6772
6674
6773
6675
6774
6676
6775
6677
6776
6678
6777
6679
6778
6680
6779
6681
6780
6682
6781
6683
6782
6684
6783
6685
6784
6686
6785
6687
6786
6688
6787
6689
6788
6690
6789
6691
6790
6692
6791
6693
6792
6694
6793
6695
6794
6696
6795
6697
6796
6698
6797
6699
6798
6799
6701
6800
6702
6801
6703
6802
6704
6803
6705
6804
6706
6805
6707
6806
6708
6807
6709
6808
6710
6809
6711
6810
6712
6811
6713
6812
6714
6813
6715
6814
6716
6815
6717
6816
6718
6817
6719
6818
6720
6819
6721
6820
6722
6821
6723
6822
6724
6823
6725
6824
6726
6825
6727
6826
6728
6827
6729
6828
6730
6829
6731
6830
6732
6831
6733
6832
6734
6833
6735
6834
6736
6835
6737
6836
6738
6837
6739
6838
6740
6839
6741
6840
6742
6841
6743
6842
6744
6843
6745
6844
6746
6845
6747
6846
6748
6847
6749
6848
6750
6849
6751
6850
6752
6851
6753
6852
6754
6853
6755
6854
6756
6855
6757
6856
6758
6857
6759
6858
6760
6859
6761
6860
6762
6861
6763
6862
6764
6863
6765
6864
6766
6865
6767
6866
6768
6867
6769
6868
6770
6869
6771
6870
6772
6871
6773
6872
6774
6873
6775
6874
6776
6875
6777
6876
6778
6877
6779
6878
6780
6879
6781
6880
6782
6881
6783
6882
6784
6883
6785
6884
6786
6885
6787
6886
6788
6887
6789
6888
6790
6889
6791
6890
6792
6891
6793
6892
6794
6893
6795
6894
6796
6895
6797
6896
6798
6897
6799
6898
6899
6801
6900
6802
6901
6803
6902
6804
6903
6805
6904
6806
6905
6807
6906
6808
6907
6809
6908
6810
6909
6811
6910
6812
6911
6813
6912
6814
6913
6815
6914
6816
6915
6817
6916
6818
6917
6819
6918
6820
6919
6821
6920
6822
6921
6823
6922
6824
6923
6825
6924
6826
6925
6827
6926
6828
6927
6829
6928
6830
6929
6831
6930
6832
6931
6833
6932
6834
6933
6835
6934
6836
6935
6837
6936
6838
6937
6839
6938
6840
6939
6841
6940
6842
6941
6843
6942
6844
6943
6845
6944
6846
6945
6847
6946
6848
6947
6849
6948
6850
6949
6851
6950
6852
6951
6853
6952
6854
6953
6855
6954
6856
6955
6857
6956
6858
6957
6859
6958
6860
6959
6861
6960
6862
6961
6863
6962
6864
6963
6865
6964
6866
6965
6867
6966
6868
6967
6869
6968
6870
6969
6871
6970
6872
6971
6873
6972
6874
6973
6875
6974
6876
6975
6877
6976
6878
6977
6879
6978
6880
6979
6881
6980
6882
6981
6883
6982
6884
6983
6885
6984
6886
6985
6887
6986
6888
6987
6889
6988
6890
6989
6891
6990
6892
6991
6893
6992
6894
6993
6895
6994
6896
6995
6897
6996
6898
6997
6899
6998
6999
6901
7000
6902
7001
6903
7002
6904
7003
6905
7004
6906
7005
6907
7006
6908
7007
6909
7008
6910
7009
6911
7010
6912
7011
6913
7012
6914
7013
6915
7014
6916
7015
6917
7016
6918
7017
6919
7018
6920
7019
6921
7020
6922
7021
6923
7022
6924
7023
6925
7024
6926
7025
6927
7026
6928
7027
6929
7028
6930
7029
6931
7030
6932
7031
6933
7032
6934
7033
6935
7034
6936
7035
6937
7036
6938
7037
6939
7038
6940
7039
6941
7040
6942
7041
6943
7042
6944
7043
6945
7044
6946
7045
6947
7046
6948
7047
6949
7048
6950
7049
6951
7050
6952
7051
6953
7052
6954
7053
6955
7054
6956
7055
6957
7056
6958
7057
6959
7058
6960
7059
6961
7060
6962
7061
6963
7062
6964
7063
6965
7064
6966
7065
6967
7066
6968
7067
6969
7068
6970
7069
6971
7070
6972
7071
6973
7072
6974
7073
6975
7074
6976
7075
6977
7076
6978
7077
6979
7078
6980
7079
6981
7080
6982
7081
6983
7082
6984
7083
6985
7084
6986
7085
6987
7086
6988
7087
6989
7088
6990
7089
6991
7090
6992
7091
6993
7092
6994
7093
6995
7094
6996
7095
6997
7096
6998
7097
6999
7098
7099
7001
7100
7002
7101
7003
7102
7004
7103
7005
7104
7006
7105
7007
7106
7008
7107
7009
7108
7010
7109
7011
7110
7012
7111
7013
7112
7014
7113
7015
7114
7016
7115
7017
7116
7018
7117
7019
7118
7020
7119
7021
7120
7022
7121
7023
7122
7024
7123
7025
7124
7026
7125
7027
7126
7028
7127
7029
7128
7030
7129
7031
7130
7032
7131
7033
7132
7034
7133
7035
7134
7036
7135
7037
7136
7038
7137
7039
7138
7040
7139
7041
7140
7042
7141
7043
7142
7044
7143
7045
7144
7046
7145
7047
7146
7048
7147
7049
7148
7050
7149
7051
7150
7052
7151
7053
7152
7054
7153
7055
7154
7056
7155
7057
7156
7058
7157
7059
7158
7060
7159
7061
7160
7062
7161
7063
7162
7064
7163
7065
7164
7066
7165
7067
7166
7068
7167
7069
7168
7070
7169
7071
7170
7072
7171
7073
7172
7074
7173
7075
7174
7076
7175
7077
7176
7078
7177
7079
7178
7080
7179
7081
7180
7082
7181
7083
7182
7084
7183
7085
7184
7086
7185
7087
7186
7088
7187
7089
7188
7090
7189
7091
7190
7092
7191
7093
7192
7094
7193
7095
7194
7096
7195
7097
7196
7098
7197
7099
7198
7199
7101
7200
7102
7201
7103
7202
7104
7203
7105
7204
7106
7205
7107
7206
7108
7207
7109
7208
7110
7209
7111
7210
7112
7211
7113
7212
7114
7213
7115
7214
7116
7215
7117
7216
7118
7217
7119
7218
7120
7219
7121
7220
7122
7221
7123
7222
7124
7223
7125
7224
7126
7225
7127
7226
7128
7227
7129
7228
7130
7229
7131
7230
7132
7231
7133
7232
7134
7233
7135
7234
7136
7235
7137
7236
7138
7237
7139
7238
7140
7239
7141
7240
7142
7241
7143
7242
7144
7243
7145
7244
7146
7245
7147
7246
7148
7247
7149
7248
7150
7249
7151
7250
7152
7251
7153
7252
7154
7253
7155
7254
7156
7255
7157
7256
7158
7257
7159
7258
7160
7259
7161
7260
7162
7261
7163
7262
7164
7263
7165
7264
7166
7265
7167
7266
7168
7267
7169
7268
7170
7269
7171
7270
7172
7271
7173
7272
7174
7273
7175
7274
7176
7275
7177
7276
7178
7277
7179
7278
7180
7279
7181
7280
7182
7281
7183
7282
7184
7283
7185
7284
7186
7285
7187
7286
7188
7287
7189
7288
7190
7289
7191
7290
7192
7291
7193
7292
7194
7293
7195
7294
7196
7295
7197
7296
7198
7297
7199
7298
7299
7201
7300
7202
7301
7203
7302
7204
7303
7205
7304
7206
7305
7207
7306
7208
7307
7209
7308
7210
7309
7211
7310
7212
7311
7213
7312
7214
7313
7215
7314
7216
7315
7217
7316
7218
7317
7219
7318
7220
7319
7221
7320
7222
7321
7223
7322
7224
7323
7225
7324
7226
7325
7227
7326
7228
7327
7229
7328
7230
7329
7231
7330
7232
7331
7233
7332
7234
7333
7235
7334
7236
7335
7237
7336
7238
7337
7239
7338
7240
7339
7241
7340
7242
7341
7243
7342
7244
7343
7245
7344
7246
7345
7247
7346
7248
7347
7249
7348
7250
7349
7251
7350
7252
7351
7253
7352
7254
7353
7255
7354
7256
7355
7257
7356
7258
7357
7259
7358
7260
7359
7261
7360
7262
7361
7263
7362
7264
7363
7265
7364
7266
7365
7267
7366
7268
7367
7269
7368
7270
7369
7271
7370
7272
7371
7273
7372
7274
7373
7275
7374
7276
7375
7277
7376
7278
7377
7279
7378
7280
7379
7281
7380
7282
7381
7283
7382
7284
7383
7285
7384
7286
7385
7287
7386
7288
7387
7289
7388
7290
7389
7291
7390
7292
7391
7293
7392
7294
7393
7295
7394
7296
7395
7297
7396
7298
7397
7299
7398
7399
7301
7400
7302
7401
7303
7402
7304
7403
7305
7404
7306
7405
7307
7406
7308
7407
7309
7408
7310
7409
7311
7410
7312
7411
7313
7412
7314
7413
7315
7414
7316
7415
7317
7416
7318
7417
7319
7418
7320
7419
7321
7420
7322
7421
7323
7422
7324
7423
7325
7424
7326
7425
7327
7426
7328
7427
7329
7428
7330
7429
7331
7430
7332
7431
7333
7432
7334
7433
7335
7434
7336
7435
7337
7436
7338
7437
7339
7438
7340
7439
7341
7440
7342
7441
7343
7442
7344
7443
7345
7444
7346
7445
7347
7446
7348
7447
7349
7448
7350
7449
7351
7450
7352
7451
7353
7452
7354
7453
7355
7454
7356
7455
7357
7456
7358
7457
7359
7458
7360
7459
7361
7460
7362
7461
7363
7462
7364
7463
7365
7464
7366
7465
7367
7466
7368
7467
7369
7468
7370
7469
7371
7470
7372
7471
7373
7472
7374
7473
7375
7474
7376
7475
7377
7476
7378
7477
7379
7478
7380
7479
7381
7480
7382
7481
7383
7482
7384
7483
7385
7484
7386
7485
7387
7486
7388
7487
7389
7488
7390
7489
7391
7490
7392
7491
7393
7492
7394
7493
7395
7494
7396
7495
7397
7496
7398
7497
7399
7498
7499
7401
7500
7402
7501
7403
7502
7404
7503
7405
7504
7406
7505
7407
7506
7408
7507
7409
7508
7410
7509
7411
7510
7412
7511
7413
7512
7414
7513
7415
7514
7416
7515
7417
7516
7418
7517
7419
7518
7420
7519
7421
7520
7422
7521
7423
7522
7424
7523
7425
7524
7426
7525
7427
7526
7428
7527
7429
7528
7430
7529
7431
7530
7432
7531
7433
7532
7434
7533
7435
7534
7436
7535
7437
7536
7438
7537
7439
7538
7440
7539
7441
7540
7442
7541
7443
7542
7444
7543
7445
7544
7446
7545
7447
7546
7448
7547
7449
7548
7450
7549
7451
7550
7452
7551
7453
7552
7454
7553
7455
7554
7456
7555
7457
7556
7458
7557
7459
7558
7460
7559
7461
7560
7462
7561
7463
7562
7464
7563
7465
7564
7466
7565
7467
7566
7468
7567
7469
7568
7470
7569
7471
7570
7472
7571
7473
7572
7474
7573
7475
7574
7476
7575
7477
7576
7478
7577
7479
7578
7480
7579
7481
7580
7482
7581
7483
7582
7484
7583
7485
7584
7486
7585
7487
7586
7488
7587
7489
7588
7490
7589
7491
7590
7492
7591
7493
7592
7494
7593
7495
7594
7496
7595
7497
7596
7498
7597
7499
7598
7599
7501
7600
7502
7601
7503
7602
7504
7603
7505
7604
7506
7605
7507
7606
7508
7607
7509
7608
7510
7609
7511
7610
7512
7611
7513
7612
7514
7613
7515
7614
7516
7615
7517
7616
7518
7617
7519
7618
7520
7619
7521
7620
7522
7621
7523
7622
7524
7623
7525
7624
7526
7625
7527
7626
7528
7627
7529
7628
7530
7629
7531
7630
7532
7631
7533
7632
7534
7633
7535
7634
7536
7635
7537
7636
7538
7637
7539
7638
7540
7639
7541
7640
7542
7641
7543
7642
7544
7643
7545
7644
7546
7645
7547
7646
7548
7647
7549
7648
7550
7649
7551
7650
7552
7651
7553
7652
7554
7653
7555
7654
7556
7655
7557
7656
7558
7657
7559
7658
7560
7659
7561
7660
7562
7661
7563
7662
7564
7663
7565
7664
7566
7665
7567
7666
7568
7667
7569
7668
7570
7669
7571
7670
7572
7671
7573
7672
7574
7673
7575
7674
7576
7675
7577
7676
7578
7677
7579
7678
7580
7679
7581
7680
7582
7681
7583
7682
7584
7683
7585
7684
7586
7685
7587
7686
7588
7687
7589
7688
7590
7689
7591
7690
7592
7691
7593
7692
7594
7693
7595
7694
7596
7695
7597
7696
7598
7697
7599
7698
7699
7601
7700
7602
7701
7603
7702
7604
7703
7605
7704
7606
7705
7607
7706
7608
7707
7609
7708
7610
7709
7611
7710
7612
7711
7613
7712
7614
7713
7615
7714
7616
7715
7617
7716
7618
7717
7619
7718
7620
7719
7621
7720
7622
7721
7623
7722
7624
7723
7625
7724
7626
7725
7627
7726
7628
7727
7629
7728
7630
7729
7631
7730
7632
7731
7633
7732
7634
7733
7635
7734
7636
7735
7637
7736
7638
7737
7639
7738
7640
7739
7641
7740
7642
7741
7643
7742
7644
7743
7645
7744
7646
7745
7647
7746
7648
7747
7649
7748
7650
7749
7651
7750
7652
7751
7653
7752
7654
7753
7655
7754
7656
7755
7657
7756
7658
7757
7659
7758
7660
7759
7661
7760
7662
7761
7663
7762
7664
7763
7665
7764
7666
7765
7667
7766
7668
7767
7669
7768
7670
7769
7671
7770
7672
7771
7673
7772
7674
7773
7675
7774
7676
7775
7677
7776
7678
7777
7679
7778
7680
7779
7681
7780
7682
7781
7683
7782
7684
7783
7685
7784
7686
7785
7687
7786
7688
7787
7689
7788
7690
7789
7691
7790
7692
7791
7693
7792
7694
7793
7695
7794
7696
7795
7697
7796
7698
7797
7699
7798
7799
7701
7800
7702
7801
7703
7802
7704
7803
7705
7804
7706
7805
7707
7806
7708
7807
7709
7808
7710
7809
7711
7810
7712
7811
7713
7812
7714
7813
7715
7814
7716
7815
7717
7816
7718
7817
7719
7818
7720
7819
7721
7820
7722
7821
7723
7822
7724
7823
7725
7824
7726
7825
7727
7826
7728
7827
7729
7828
7730
7829
7731
7830
7732
7831
7733
7832
7734
7833
7735
7834
7736
7835
7737
7836
7738
7837
7739
7838
7740
7839
7741
7840
7742
7841
7743
7842
7744
7843
7745
7844
7746
7845
7747
7846
7748
7847
7749
7848
7750
7849
7751
7850
7752
7851
7753
7852
7754
7853
7755
7854
7756
7855
7757
7856
7758
7857
7759
7858
7760
7859
7761
7860
7762
7861
7763
7862
7764
7863
7765
7864
7766
7865
7767
7866
7768
7867
7769
7868
7770
7869
7771
7870
7772
7871
7773
7872
7774
7873
7775
7874
7776
7875
7777
7876
7778
7877
7779
7878
7780
7879
7781
7880
7782
7881
7783
7882
7784
7883
7785
7884
7786
7885
7787
7886
7788
7887
7789
7888
7790
7889
7791
7890
7792
7891
7793
7892
7794
7893
7795
7894
7796
7895
7797
7896
7798
7897
7799
7898
7899
7801
7900
7802
7901
7803
7902
7804
7903
7805
7904
7806
7905
7807
7906
7808
7907
7809
7908
7810
7909
7811
7910
7812
7911
7813
7912
7814
7913
7815
7914
7816
7915
7817
7916
7818
7917
7819
7918
7820
7919
7821
7920
7822
7921
7823
7922
7824
7923
7825
7924
7826
7925
7827
7926
7828
7927
7829
7928
7830
7929
7831
7930
7832
7931
7833
7932
7834
7933
7835
7934
7836
7935
7837
7936
7838
7937
7839
7938
7840
7939
7841
7940
7842
7941
7843
7942
7844
7943
7845
7944
7846
7945
7847
7946
7848
7947
7849
7948
7850
7949
7851
7950
7852
7951
7853
7952
7854
7953
7855
7954
7856
7955
7857
7956
7858
7957
7859
7958
7860
7959
7861
7960
7862
7961
7863
7962
7864
7963
7865
7964
7866
7965
7867
7966
7868
7967
7869
7968
7870
7969
7871
7970
7872
7971
7873
7972
7874
7973
7875
7974
7876
7975
7877
7976
7878
7977
7879
7978
7880
7979
7881
7980
7882
7981
7883
7982
7884
7983
7885
7984
7886
7985
7887
7986
7888
7987
7889
7988
7890
7989
7891
7990
7892
7991
7893
7992
7894
7993
7895
7994
7896
7995
7897
7996
7898
7997
7899
7998
7999
7901
8000
7902
8001
7903
8002
7904
8003
7905
8004
7906
8005
7907
8006
7908
8007
7909
8008
7910
8009
7911
8010
7912
8011
7913
8012
7914
8013
7915
8014
7916
8015
7917
8016
7918
8017
7919
8018
7920
8019
7921
8020
7922
8021
7923
8022
7924
8023
7925
8024
7926
8025
7927
8026
7928
8027
7929
8028
7930
8029
7931
8030
7932
8031
7933
8032
7934
8033
7935
8034
7936
8035
7937
8036
7938
8037
7939
8038
7940
8039
7941
8040
7942
8041
7943
8042
7944
8043
7945
8044
7946
8045
7947
8046
7948
8047
7949
8048
7950
8049
7951
8050
7952
8051
7953
8052
7954
8053
7955
8054
7956
8055
7957
8056
7958
8057
7959
8058
7960
8059
7961
8060
7962
8061
7963
8062
7964
8063
7965
8064
7966
8065
7967
8066
7968
8067
7969
8068
7970
8069
7971
8070
7972
8071
7973
8072
7974
8073
7975
8074
7976
8075
7977
8076
7978
8077
7979
8078
7980
8079
7981
8080
7982
8081
7983
8082
7984
8083
7985
8084
7986
8085
7987
8086
7988
8087
7989
8088
7990
8089
7991
8090
7992
8091
7993
8092
7994
8093
7995
8094
7996
8095
7997
8096
7998
8097
7999
8098
8099
8001
8100
8002
8101
8003
8102
8004
8103
8005
8104
8006
8105
8007
8106
8008
8107
8009
8108
8010
8109
8011
8110
8012
8111
8013
8112
8014
8113
8015
8114
8016
8115
8017
8116
8018
8117
8019
8118
8020
8119
8021
8120
8022
8121
8023
8122
8024
8123
8025
8124
8026
8125
8027
8126
8028
8127
8029
8128
8030
8129
8031
8130
8032
8131
8033
8132
8034
8133
8035
8134
8036
8135
8037
8136
8038
8137
8039
8138
8040
8139
8041
8140
8042
8141
8043
8142
8044
8143
8045
8144
8046
8145
8047
8146
8048
8147
8049
8148
8050
8149
8051
8150
8052
8151
8053
8152
8054
8153
8055
8154
8056
8155
8057
8156
8058
8157
8059
8158
8060
8159
8061
8160
8062
8161
8063
8162
8064
8163
8065
8164
8066
8165
8067
8166
8068
8167
8069
8168
8070
8169
8071
8170
8072
8171
8073
8172
8074
8173
8075
8174
8076
8175
8077
8176
8078
8177
8079
8178
8080
8179
8081
8180
8082
8181
8083
8182
8084
8183
8085
8184
8086
8185
8087
8186
8088
8187
8089
8188
8090
8189
8091
8190
8092
8191
8093
8192
8094
8193
8095
8194
8096
8195
8097
8196
8098
8197
8099
8198
8199
8101
8200
8102
8201
8103
8202
8104
8203
8105
8204
8106
8205
8107
8206
8108
8207
8109
8208
8110
8209
8111
8210
8112
8211
8113
8212
8114
8213
8115
8214
8116
8215
8117
8216
8118
8217
8119
8218
8120
8219
8121
8220
8122
8221
8123
8222
8124
8223
8125
8224
8126
8225
8127
8226
8128
8227
8129
8228
8130
8229
8131
8230
8132
8231
8133
8232
8134
8233
8135
8234
8136
8235
8137
8236
8138
8237
8139
8238
8140
8239
8141
8240
8142
8241
8143
8242
8144
8243
8145
8244
8146
8245
8147
8246
8148
8247
8149
8248
8150
8249
8151
8250
8152
8251
8153
8252
8154
8253
8155
8254
8156
8255
8157
8256
8158
8257
8159
8258
8160
8259
8161
8260
8162
8261
8163
8262
8164
8263
8165
8264
8166
8265
8167
8266
8168
8267
8169
8268
8170
8269
8171
8270
8172
8271
8173
8272
8174
8273
8175
8274
8176
8275
8177
8276
8178
8277
8179
8278
8180
8279
8181
8280
8182
8281
8183
8282
8184
8283
8185
8284
8186
8285
8187
8286
8188
8287
8189
8288
8190
8289
8191
8290
8192
8291
8193
8292
8194
8293
8195
8294
8196
8295
8197
8296
8198
8297
8199
8298
8299
8201
8300
8202
8301
8203
8302
8204
8303
8205
8304
8206
8305
8207
8306
8208
8307
8209
8308
8210
8309
8211
8310
8212
8311
8213
8312
8214
8313
8215
8314
8216
8315
8217
8316
8218
8317
8219
8318
8220
8319
8221
8320
8222
8321
8223
8322
8224
8323
8225
8324
8226
8325
8227
8326
8228
8327
8229
8328
8230
8329
8231
8330
8232
8331
8233
8332
8234
8333
8235
8334
8236
8335
8237
8336
8238
8337
8239
8338
8240
8339
8241
8340
8242
8341
8243
8342
8244
8343
8245
8344
8246
8345
8247
8346
8248
8347
8249
8348
8250
8349
8251
8350
8252
8351
8253
8352
8254
8353
8255
8354
8256
8355
8257
8356
8258
8357
8259
8358
8260
8359
8261
8360
8262
8361
8263
8362
8264
8363
8265
8364
8266
8365
8267
8366
8268
8367
8269
8368
8270
8369
8271
8370
8272
8371
8273
8372
8274
8373
8275
8374
8276
8375
8277
8376
8278
8377
8279
8378
8280
8379
8281
8380
8282
8381
8283
8382
8284
8383
8285
8384
8286
8385
8287
8386
8288
8387
8289
8388
8290
8389
8291
8390
8292
8391
8293
8392
8294
8393
8295
8394
8296
8395
8297
8396
8298
8397
8299
8398
8399
8301
8400
8302
8401
8303
8402
8304
8403
8305
8404
8306
8405
8307
8406
8308
8407
8309
8408
8310
8409
8311
8410
8312
8411
8313
8412
8314
8413
8315
8414
8316
8415
8317
8416
8318
8417
8319
8418
8320
8419
8321
8420
8322
8421
8323
8422
8324
8423
8325
8424
8326
8425
8327
8426
8328
8427
8329
8428
8330
8429
8331
8430
8332
8431
8333
8432
8334
8433
8335
8434
8336
8435
8337
8436
8338
8437
8339
8438
8340
8439
8341
8440
8342
8441
8343
8442
8344
8443
8345
8444
8346
8445
8347
8446
8348
8447
8349
8448
8350
8449
8351
8450
8352
8451
8353
8452
8354
8453
8355
8454
8356
8455
8357
8456
8358
8457
8359
8458
8360
8459
8361
8460
8362
8461
8363
8462
8364
8463
8365
8464
8366
8465
8367
8466
8368
8467
8369
8468
8370
8469
8371
8470
8372
8471
8373
8472
8374
8473
8375
8474
8376
8475
8377
8476
8378
8477
8379
8478
8380
8479
8381
8480
8382
8481
8383
8482
8384
8483
8385
8484
8386
8485
8387
8486
8388
8487
8389
8488
8390
8489
8391
8490
8392
8491
8393
8492
8394
8493
8395
8494
8396
8495
8397
8496
8398
8497
8399
8498
8499
8401
8500
8402
8501
8403
8502
8404
8503
8405
8504
8406
8505
8407
8506
8408
8507
8409
8508
8410
8509
8411
8510
8412
8511
8413
8512
8414
8513
8415
8514
8416
8515
8417
8516
8418
8517
8419
8518
8420
8519
8421
8520
8422
8521
8423
8522
8424
8523
8425
8524
8426
8525
8427
8526
8428
8527
8429
8528
8430
8529
8431
8530
8432
8531
8433
8532
8434
8533
8435
8534
8436
8535
8437
8536
8438
8537
8439
8538
8440
8539
8441
8540
8442
8541
8443
8542
8444
8543
8445
8544
8446
8545
8447
8546
8448
8547
8449
8548
8450
8549
8451
8550
8452
8551
8453
8552
8454
8553
8455
8554
8456
8555
8457
8556
8458
8557
8459
8558
8460
8559
8461
8560
8462
8561
8463
8562
8464
8563
8465
8564
8466
8565
8467
8566
8468
8567
8469
8568
8470
8569
8471
8570
8472
8571
8473
8572
8474
8573
8475
8574
8476
8575
8477
8576
8478
8577
8479
8578
8480
8579
8481
8580
8482
8581
8483
8582
8484
8583
8485
8584
8486
8585
8487
8586
8488
8587
8489
8588
8490
8589
8491
8590
8492
8591
8493
8592
8494
8593
8495
8594
8496
8595
8497
8596
8498
8597
8499
8598
8599
8501
8600
8502
8601
8503
8602
8504
8603
8505
8604
8506
8605
8507
8606
8508
8607
8509
8608
8510
8609
8511
8610
8512
8611
8513
8612
8514
8613
8515
8614
8516
8615
8517
8616
8518
8617
8519
8618
8520
8619
8521
8620
8522
8621
8523
8622
8524
8623
8525
8624
8526
8625
8527
8626
8528
8627
8529
8628
8530
8629
8531
8630
8532
8631
8533
8632
8534
8633
8535
8634
8536
8635
8537
8636
8538
8637
8539
8638
8540
8639
8541
8640
8542
8641
8543
8642
8544
8643
8545
8644
8546
8645
8547
8646
8548
8647
8549
8648
8550
8649
8551
8650
8552
8651
8553
8652
8554
8653
8555
8654
8556
8655
8557
8656
8558
8657
8559
8658
8560
8659
8561
8660
8562
8661
8563
8662
8564
8663
8565
8664
8566
8665
8567
8666
8568
8667
8569
8668
8570
8669
8571
8670
8572
8671
8573
8672
8574
8673
8575
8674
8576
8675
8577
8676
8578
8677
8579
8678
8580
8679
8581
8680
8582
8681
8583
8682
8584
8683
8585
8684
8586
8685
8587
8686
8588
8687
8589
8688
8590
8689
8591
8690
8592
8691
8593
8692
8594
8693
8595
8694
8596
8695
8597
8696
8598
8697
8599
8698
8699
8601
8700
8602
8701
8603
8702
8604
8703
8605
8704
8606
8705
8607
8706
8608
8707
8609
8708
8610
8709
8611
8710
8612
8711
8613
8712
8614
8713
8615
8714
8616
8715
8617
8716
8618
8717
8619
8718
8620
8719
8621
8720
8622
8721
8623
8722
8624
8723
8625
8724
8626
8725
8627
8726
8628
8727
8629
8728
8630
8729
8631
8730
8632
8731
8633
8732
8634
8733
8635
8734
8636
8735
8637
8736
8638
8737
8639
8738
8640
8739
8641
8740
8642
8741
8643
8742
8644
8743
8645
8744
8646
8745
8647
8746
8648
8747
8649
8748
8650
8749
8651
8750
8652
8751
8653
8752
8654
8753
8655
8754
8656
8755
8657
8756
8658
8757
8659
8758
8660
8759
8661
8760
8662
8761
8663
8762
8664
8763
8665
8764
8666
8765
8667
8766
8668
8767
8669
8768
8670
8769
8671
8770
8672
8771
8673
8772
8674
8773
8675
8774
8676
8775
8677
8776
8678
8777
8679
8778
8680
8779
8681
8780
8682
8781
8683
8782
8684
8783
8685
8784
8686
8785
8687
8786
8688
8787
8689
8788
8690
8789
8691
8790
8692
8791
8693
8792
8694
8793
8695
8794
8696
8795
8697
8796
8698
8797
8699
8798
8799
8701
8702
8703
8704
8705
8706
8707
8708
8709
8710
8711
8712
8713
8714
8715
8716
8717
8718
8719
8720
8721
8722
8723
8724
8725
8726
8727
8728
8729
8730
8731
8732
8733
8734
8735
8736
8737
8738
8739
8740
8741
8742
8743
8744
8745
8746
8747
8748
8749
8750
8751
8752
8753
8754
8755
8756
8757
8758
8759
8760
8761
8762
8763
8764
8765
8766
8767
8768
8769
8770
8771
8772
8773
8774
8775
8776
8777
8778
8779
8780
8781
8782
8783
8784
8785
8786
8787
8788
8789
8790
8791
8792
8793
8794
8795
8796
8797
8798
8799
)


// ************************************************************************* //
